   9.9822284e-01   3.3799448e-05   1.0384359e-03   0.0000000e+00   0.0000000e+00
   9.8502679e-01   1.6012985e-02   2.7609934e-03   0.0000000e+00   0.0000000e+00
   9.7227862e-01   3.0960863e-02   4.4539373e-03   3.6912387e-04   0.0000000e+00
   9.5996279e-01   4.4944003e-02   6.1178017e-03   8.3926440e-04   0.0000000e+00
   9.4806431e-01   5.8024681e-02   7.7531112e-03   1.3064330e-03   0.0000000e+00
   9.3656870e-01   7.0261152e-02   9.3603810e-03   1.7706486e-03   0.0000000e+00
   9.2546199e-01   8.1707910e-02   1.0940117e-02   2.2319298e-03   0.0000000e+00
   9.1473068e-01   9.2415931e-02   1.2492815e-02   2.6902953e-03   6.0142730e-05
   9.0436176e-01   1.0243290e-01   1.4018965e-02   3.1457634e-03   2.2528333e-04
   8.9434265e-01   1.1180343e-01   1.5519043e-02   3.5983526e-03   3.8993069e-04
   8.8466123e-01   1.2056925e-01   1.6993522e-02   4.0480811e-03   5.5408608e-04
   8.7530577e-01   1.2876938e-01   1.8442863e-02   4.4949669e-03   7.1775075e-04
   8.6626498e-01   1.3644035e-01   1.9867519e-02   4.9390282e-03   8.8092597e-04
   8.5752795e-01   1.4361632e-01   2.1267937e-02   5.3802827e-03   1.0436130e-03
   8.4908412e-01   1.5032923e-01   2.2644552e-02   5.8187484e-03   1.2058130e-03
   8.4092335e-01   1.5660898e-01   2.3997796e-02   6.2544427e-03   1.3675274e-03
   8.3303580e-01   1.6248353e-01   2.5328090e-02   6.6873833e-03   1.5287573e-03
   8.2541201e-01   1.6797904e-01   2.6635848e-02   7.1175877e-03   1.6895040e-03
   8.1804283e-01   1.7311996e-01   2.7921476e-02   7.5450731e-03   1.8497688e-03
   8.1091942e-01   1.7792920e-01   2.9185375e-02   7.9698568e-03   2.0095528e-03
   8.0403327e-01   1.8242816e-01   3.0427937e-02   8.3919559e-03   2.1688573e-03
   7.9737614e-01   1.8663687e-01   3.1649547e-02   8.8113874e-03   2.3276835e-03
   7.9094009e-01   1.9057406e-01   3.2850582e-02   9.2281682e-03   2.4860327e-03
   7.8471747e-01   1.9425727e-01   3.4031415e-02   9.6423150e-03   2.6439061e-03
   7.7870086e-01   1.9770289e-01   3.5192411e-02   1.0053845e-02   2.8013048e-03
   7.7288312e-01   2.0092625e-01   3.6333927e-02   1.0462774e-02   2.9582302e-03
   7.6725736e-01   2.0394170e-01   3.7456315e-02   1.0869118e-02   3.1146835e-03
   7.6181693e-01   2.0676267e-01   3.8559922e-02   1.1272895e-02   3.2706658e-03
   7.5655538e-01   2.0940170e-01   3.9645085e-02   1.1674121e-02   3.4261783e-03
   7.5146653e-01   2.1187054e-01   4.0712138e-02   1.2072811e-02   3.5812223e-03
   7.4654439e-01   2.1418018e-01   4.1761409e-02   1.2468981e-02   3.7357990e-03
   7.4178316e-01   2.1634089e-01   4.2793218e-02   1.2862648e-02   3.8899095e-03
   7.3717729e-01   2.1836229e-01   4.3807881e-02   1.3253828e-02   4.0435552e-03
   7.3272137e-01   2.2025336e-01   4.4805708e-02   1.3642536e-02   4.1967370e-03
   7.2841022e-01   2.2202253e-01   4.5787003e-02   1.4028788e-02   4.3494564e-03
   7.2423881e-01   2.2367766e-01   4.6752064e-02   1.4412599e-02   4.5017143e-03
   7.2020230e-01   2.2522611e-01   4.7701186e-02   1.4793985e-02   4.6535121e-03
   7.1629601e-01   2.2667477e-01   4.8634656e-02   1.5172962e-02   4.8048509e-03
   7.1251543e-01   2.2803008e-01   4.9552756e-02   1.5549544e-02   4.9557319e-03
   7.0885620e-01   2.2929807e-01   5.0455766e-02   1.5923746e-02   5.1061563e-03
   7.0531412e-01   2.3048436e-01   5.1343956e-02   1.6295585e-02   5.2561252e-03
   7.0188512e-01   2.3159425e-01   5.2217597e-02   1.6665074e-02   5.4056398e-03
   6.9856529e-01   2.3263265e-01   5.3076950e-02   1.7032228e-02   5.5547012e-03
   6.9535084e-01   2.3360418e-01   5.3922274e-02   1.7397064e-02   5.7033107e-03
   6.9223812e-01   2.3451317e-01   5.4753822e-02   1.7759594e-02   5.8514695e-03
   6.8922361e-01   2.3536364e-01   5.5571844e-02   1.8119834e-02   5.9991785e-03
   6.8630390e-01   2.3615937e-01   5.6376584e-02   1.8477798e-02   6.1464391e-03
   6.8347571e-01   2.3690390e-01   5.7168283e-02   1.8833500e-02   6.2932524e-03
   6.8073586e-01   2.3760054e-01   5.7947176e-02   1.9186956e-02   6.4396195e-03
   6.7808130e-01   2.3825236e-01   5.8713495e-02   1.9538179e-02   6.5855415e-03
   6.7550907e-01   2.3886228e-01   5.9467468e-02   1.9887183e-02   6.7310197e-03
   6.7301632e-01   2.3943298e-01   6.0209318e-02   2.0233982e-02   6.8760551e-03
   6.7060030e-01   2.3996701e-01   6.0939264e-02   2.0578591e-02   7.0206489e-03
   6.6825834e-01   2.4046673e-01   6.1657522e-02   2.0921023e-02   7.1648023e-03
   6.6598789e-01   2.4093435e-01   6.2364304e-02   2.1261292e-02   7.3085163e-03
   6.6378646e-01   2.4137195e-01   6.3059816e-02   2.1599411e-02   7.4517921e-03
   6.6165167e-01   2.4178147e-01   6.3744264e-02   2.1935395e-02   7.5946308e-03
   6.5958121e-01   2.4216471e-01   6.4417847e-02   2.2269257e-02   7.7370336e-03
   6.5757284e-01   2.4252338e-01   6.5080762e-02   2.2601010e-02   7.8790015e-03
   6.5562443e-01   2.4285905e-01   6.5733202e-02   2.2930667e-02   8.0205357e-03
   6.5373389e-01   2.4317322e-01   6.6375358e-02   2.3258243e-02   8.1616373e-03
   6.5189923e-01   2.4346728e-01   6.7007415e-02   2.3583749e-02   8.3023074e-03
   6.5011850e-01   2.4374251e-01   6.7629556e-02   2.3907200e-02   8.4425472e-03
   6.4838984e-01   2.4400014e-01   6.8241962e-02   2.4228608e-02   8.5823577e-03
   6.4671145e-01   2.4424130e-01   6.8844807e-02   2.4547986e-02   8.7217400e-03
   6.4508158e-01   2.4446706e-01   6.9438267e-02   2.4865347e-02   8.8606953e-03
   6.4349857e-01   2.4467841e-01   7.0022510e-02   2.5180704e-02   8.9992246e-03
   6.4196078e-01   2.4487627e-01   7.0597704e-02   2.5494069e-02   9.1373291e-03
   6.4046666e-01   2.4506153e-01   7.1164012e-02   2.5805456e-02   9.2750098e-03
   6.3901468e-01   2.4523499e-01   7.1721597e-02   2.6114876e-02   9.4122678e-03
   6.3760341e-01   2.4539742e-01   7.2270616e-02   2.6422342e-02   9.5491042e-03
   6.3623142e-01   2.4554952e-01   7.2811225e-02   2.6727866e-02   9.6855201e-03
   6.3489735e-01   2.4569197e-01   7.3343576e-02   2.7031461e-02   9.8215166e-03
   6.3359991e-01   2.4582538e-01   7.3867819e-02   2.7333140e-02   9.9570948e-03
   6.3233781e-01   2.4595035e-01   7.4384101e-02   2.7632913e-02   1.0092256e-02
   6.3110985e-01   2.4606741e-01   7.4892567e-02   2.7930793e-02   1.0227000e-02
   6.2991483e-01   2.4617707e-01   7.5393358e-02   2.8226793e-02   1.0361330e-02
   6.2875162e-01   2.4627982e-01   7.5886614e-02   2.8520924e-02   1.0495246e-02
   6.2761913e-01   2.4637610e-01   7.6372471e-02   2.8813197e-02   1.0628748e-02
   6.2651628e-01   2.4646633e-01   7.6851065e-02   2.9103626e-02   1.0761839e-02
   6.2544206e-01   2.4655090e-01   7.7322526e-02   2.9392220e-02   1.0894519e-02
   6.2439548e-01   2.4663016e-01   7.7786985e-02   2.9678993e-02   1.1026789e-02
   6.2337558e-01   2.4670448e-01   7.8244569e-02   2.9963955e-02   1.1158650e-02
   6.2238144e-01   2.4677416e-01   7.8695402e-02   3.0247118e-02   1.1290104e-02
   6.2141217e-01   2.4683950e-01   7.9139608e-02   3.0528493e-02   1.1421151e-02
   6.2046691e-01   2.4690079e-01   7.9577306e-02   3.0808092e-02   1.1551792e-02
   6.1954484e-01   2.4695829e-01   8.0008616e-02   3.1085927e-02   1.1682029e-02
   6.1864515e-01   2.4701223e-01   8.0433653e-02   3.1362007e-02   1.1811863e-02
   6.1776708e-01   2.4706286e-01   8.0852532e-02   3.1636344e-02   1.1941294e-02
   6.1690987e-01   2.4711038e-01   8.1265364e-02   3.1908950e-02   1.2070323e-02
   6.1607281e-01   2.4715499e-01   8.1672259e-02   3.2179835e-02   1.2198952e-02
   6.1525520e-01   2.4719689e-01   8.2073327e-02   3.2449010e-02   1.2327182e-02
   6.1445637e-01   2.4723625e-01   8.2468672e-02   3.2716486e-02   1.2455014e-02
   6.1367568e-01   2.4727323e-01   8.2858399e-02   3.2982274e-02   1.2582448e-02
   6.1291250e-01   2.4730798e-01   8.3242610e-02   3.3246384e-02   1.2709486e-02
   6.1216623e-01   2.4734065e-01   8.3621406e-02   3.3508827e-02   1.2836129e-02
   6.1143628e-01   2.4737138e-01   8.3994885e-02   3.3769614e-02   1.2962377e-02
   6.1072209e-01   2.4740028e-01   8.4363145e-02   3.4028755e-02   1.3088233e-02
   6.1002312e-01   2.4742748e-01   8.4726280e-02   3.4286260e-02   1.3213696e-02
   6.0933885e-01   2.4745309e-01   8.5084384e-02   3.4542141e-02   1.3338768e-02
   6.0866878e-01   2.4747721e-01   8.5437549e-02   3.4796406e-02   1.3463450e-02
   6.0801240e-01   2.4749993e-01   8.5785865e-02   3.5049067e-02   1.3587742e-02
   6.0736926e-01   2.4752135e-01   8.6129420e-02   3.5300134e-02   1.3711647e-02
   6.0673889e-01   2.4754155e-01   8.6468301e-02   3.5549616e-02   1.3835164e-02
   6.0612087e-01   2.4756060e-01   8.6802594e-02   3.5797524e-02   1.3958296e-02
   6.0551475e-01   2.4757859e-01   8.7132382e-02   3.6043867e-02   1.4081042e-02
   6.0492015e-01   2.4759558e-01   8.7457747e-02   3.6288656e-02   1.4203404e-02
   6.0433665e-01   2.4761164e-01   8.7778772e-02   3.6531901e-02   1.4325382e-02
   6.0376389e-01   2.4762682e-01   8.8095533e-02   3.6773610e-02   1.4446979e-02
   6.0320149e-01   2.4764119e-01   8.8408111e-02   3.7013795e-02   1.4568195e-02
   6.0264909e-01   2.4765479e-01   8.8716581e-02   3.7252464e-02   1.4689030e-02
   6.0210636e-01   2.4766767e-01   8.9021019e-02   3.7489628e-02   1.4809486e-02
   6.0157297e-01   2.4767989e-01   8.9321497e-02   3.7725295e-02   1.4929564e-02
   6.0104858e-01   2.4769147e-01   8.9618090e-02   3.7959475e-02   1.5049264e-02
   6.0053290e-01   2.4770248e-01   8.9910867e-02   3.8192178e-02   1.5168589e-02
   6.0002563e-01   2.4771293e-01   9.0199899e-02   3.8423413e-02   1.5287537e-02
   5.9952649e-01   2.4772288e-01   9.0485255e-02   3.8653189e-02   1.5406112e-02
   5.9903518e-01   2.4773234e-01   9.0767001e-02   3.8881516e-02   1.5524313e-02
   5.9855145e-01   2.4774136e-01   9.1045204e-02   3.9108402e-02   1.5642142e-02
   5.9807504e-01   2.4774995e-01   9.1319930e-02   3.9333857e-02   1.5759600e-02
   5.9760569e-01   2.4775815e-01   9.1591241e-02   3.9557890e-02   1.5876687e-02
   5.9714317e-01   2.4776599e-01   9.1859201e-02   3.9780510e-02   1.5993404e-02
   5.9668725e-01   2.4777348e-01   9.2123871e-02   4.0001726e-02   1.6109753e-02
   5.9623770e-01   2.4778066e-01   9.2385311e-02   4.0221546e-02   1.6225734e-02
   5.9579430e-01   2.4778753e-01   9.2643581e-02   4.0439981e-02   1.6341349e-02
   5.9535684e-01   2.4779412e-01   9.2898740e-02   4.0657037e-02   1.6456598e-02
   5.9492513e-01   2.4780044e-01   9.3150844e-02   4.0872724e-02   1.6571482e-02
   5.9449896e-01   2.4780653e-01   9.3399949e-02   4.1087052e-02   1.6686002e-02
   5.9407815e-01   2.4781238e-01   9.3646111e-02   4.1300027e-02   1.6800159e-02
   5.9366252e-01   2.4781801e-01   9.3889385e-02   4.1511660e-02   1.6913955e-02
   5.9325190e-01   2.4782345e-01   9.4129822e-02   4.1721958e-02   1.7027389e-02
   5.9284610e-01   2.4782869e-01   9.4367477e-02   4.1930929e-02   1.7140464e-02
   5.9244498e-01   2.4783376e-01   9.4602399e-02   4.2138583e-02   1.7253179e-02
   5.9204837e-01   2.4783867e-01   9.4834639e-02   4.2344928e-02   1.7365536e-02
   5.9165612e-01   2.4784342e-01   9.5064247e-02   4.2549972e-02   1.7477536e-02
   5.9126809e-01   2.4784803e-01   9.5291272e-02   4.2753722e-02   1.7589179e-02
   5.9088412e-01   2.4785250e-01   9.5515761e-02   4.2956189e-02   1.7700467e-02
   5.9050409e-01   2.4785684e-01   9.5737761e-02   4.3157378e-02   1.7811401e-02
   5.9012786e-01   2.4786107e-01   9.5957318e-02   4.3357299e-02   1.7921981e-02
   5.8975531e-01   2.4786519e-01   9.6174477e-02   4.3555960e-02   1.8032208e-02
   5.8938631e-01   2.4786920e-01   9.6389284e-02   4.3753368e-02   1.8142083e-02
   5.8902074e-01   2.4787312e-01   9.6601780e-02   4.3949532e-02   1.8251608e-02
   5.8865849e-01   2.4787695e-01   9.6812010e-02   4.4144460e-02   1.8360783e-02
   5.8829945e-01   2.4788069e-01   9.7020015e-02   4.4338158e-02   1.8469608e-02
   5.8794351e-01   2.4788435e-01   9.7225836e-02   4.4530636e-02   1.8578086e-02
   5.8759056e-01   2.4788794e-01   9.7429515e-02   4.4721900e-02   1.8686216e-02
   5.8724051e-01   2.4789146e-01   9.7631090e-02   4.4911958e-02   1.8794000e-02
   5.8689327e-01   2.4789492e-01   9.7830601e-02   4.5100819e-02   1.8901439e-02
   5.8654873e-01   2.4789831e-01   9.8028087e-02   4.5288490e-02   1.9008533e-02
   5.8620681e-01   2.4790165e-01   9.8223585e-02   4.5474977e-02   1.9115283e-02
   5.8586743e-01   2.4790494e-01   9.8417132e-02   4.5660289e-02   1.9221690e-02
   5.8553049e-01   2.4790817e-01   9.8608765e-02   4.5844434e-02   1.9327756e-02
   5.8519592e-01   2.4791136e-01   9.8798518e-02   4.6027418e-02   1.9433481e-02
   5.8486365e-01   2.4791451e-01   9.8986428e-02   4.6209249e-02   1.9538866e-02
   5.8453358e-01   2.4791761e-01   9.9172529e-02   4.6389934e-02   1.9643911e-02
   5.8420566e-01   2.4792068e-01   9.9356855e-02   4.6569480e-02   1.9748618e-02
   5.8387982e-01   2.4792371e-01   9.9539438e-02   4.6747895e-02   1.9852988e-02
   5.8355598e-01   2.4792671e-01   9.9720312e-02   4.6925186e-02   1.9957021e-02
   5.8323407e-01   2.4792968e-01   9.9899508e-02   4.7101360e-02   2.0060719e-02
   5.8291405e-01   2.4793262e-01   1.0007706e-01   4.7276424e-02   2.0164081e-02
   5.8259584e-01   2.4793553e-01   1.0025299e-01   4.7450385e-02   2.0267110e-02
   5.8227939e-01   2.4793842e-01   1.0042734e-01   4.7623250e-02   2.0369806e-02
   5.8196464e-01   2.4794128e-01   1.0060014e-01   4.7795025e-02   2.0472169e-02
   5.8165154e-01   2.4794412e-01   1.0077141e-01   4.7965719e-02   2.0574201e-02
   5.8134003e-01   2.4794694e-01   1.0094118e-01   4.8135338e-02   2.0675903e-02
   5.8103006e-01   2.4794974e-01   1.0110948e-01   4.8303888e-02   2.0777274e-02
   5.8072159e-01   2.4795252e-01   1.0127634e-01   4.8471376e-02   2.0878318e-02
   5.8041456e-01   2.4795529e-01   1.0144179e-01   4.8637809e-02   2.0979033e-02
   5.8010893e-01   2.4795803e-01   1.0160585e-01   4.8803194e-02   2.1079421e-02
   5.7980465e-01   2.4796077e-01   1.0176855e-01   4.8967538e-02   2.1179483e-02
   5.7950169e-01   2.4796349e-01   1.0192992e-01   4.9130846e-02   2.1279219e-02
   5.7920001e-01   2.4796619e-01   1.0208997e-01   4.9293126e-02   2.1378631e-02
   5.7889955e-01   2.4796889e-01   1.0224874e-01   4.9454383e-02   2.1477719e-02
   5.7860029e-01   2.4797157e-01   1.0240625e-01   4.9614626e-02   2.1576485e-02
   5.7830218e-01   2.4797424e-01   1.0256252e-01   4.9773859e-02   2.1674928e-02
   5.7800519e-01   2.4797691e-01   1.0271758e-01   4.9932089e-02   2.1773050e-02
   5.7770929e-01   2.4797956e-01   1.0287145e-01   5.0089324e-02   2.1870852e-02
   5.7741444e-01   2.4798221e-01   1.0302416e-01   5.0245568e-02   2.1968334e-02
   5.7712062e-01   2.4798484e-01   1.0317571e-01   5.0400828e-02   2.2065498e-02
   5.7682778e-01   2.4798747e-01   1.0332615e-01   5.0555111e-02   2.2162344e-02
   5.7653590e-01   2.4799009e-01   1.0347548e-01   5.0708422e-02   2.2258873e-02
   5.7624495e-01   2.4799271e-01   1.0362373e-01   5.0860769e-02   2.2355085e-02
   5.7595490e-01   2.4799532e-01   1.0377092e-01   5.1012156e-02   2.2450982e-02
   5.7566573e-01   2.4799792e-01   1.0391708e-01   5.1162590e-02   2.2546565e-02
   5.7537741e-01   2.4800052e-01   1.0406221e-01   5.1312078e-02   2.2641834e-02
   5.7508991e-01   2.4800311e-01   1.0420634e-01   5.1460624e-02   2.2736790e-02
   5.7480321e-01   2.4800570e-01   1.0434950e-01   5.1608235e-02   2.2831434e-02
   5.7451729e-01   2.4800828e-01   1.0449169e-01   5.1754917e-02   2.2925767e-02
   5.7423212e-01   2.4801086e-01   1.0463294e-01   5.1900677e-02   2.3019789e-02
   5.7394768e-01   2.4801343e-01   1.0477326e-01   5.2045518e-02   2.3113501e-02
   5.7366395e-01   2.4801600e-01   1.0491268e-01   5.2189448e-02   2.3206905e-02
   5.7338091e-01   2.4801857e-01   1.0505121e-01   5.2332473e-02   2.3300000e-02
   5.7309855e-01   2.4802114e-01   1.0518886e-01   5.2474597e-02   2.3392789e-02
   5.7281683e-01   2.4802370e-01   1.0532567e-01   5.2615827e-02   2.3485270e-02
   5.7253575e-01   2.4802626e-01   1.0546163e-01   5.2756168e-02   2.3577447e-02
   5.7225528e-01   2.4802881e-01   1.0559677e-01   5.2895627e-02   2.3669318e-02
   5.7197541e-01   2.4803137e-01   1.0573111e-01   5.3034208e-02   2.3760885e-02
   5.7169613e-01   2.4803392e-01   1.0586465e-01   5.3171917e-02   2.3852149e-02
   5.7141741e-01   2.4803647e-01   1.0599743e-01   5.3308759e-02   2.3943111e-02
   5.7113924e-01   2.4803902e-01   1.0612944e-01   5.3444741e-02   2.4033770e-02
   5.7086160e-01   2.4804156e-01   1.0626071e-01   5.3579867e-02   2.4124129e-02
   5.7058449e-01   2.4804411e-01   1.0639125e-01   5.3714144e-02   2.4214188e-02
   5.7030788e-01   2.4804665e-01   1.0652107e-01   5.3847575e-02   2.4303947e-02
   5.7003177e-01   2.4804919e-01   1.0665020e-01   5.3980168e-02   2.4393408e-02
   5.6975614e-01   2.4805173e-01   1.0677863e-01   5.4111926e-02   2.4482571e-02
   5.6948098e-01   2.4805427e-01   1.0690640e-01   5.4242856e-02   2.4571437e-02
   5.6920627e-01   2.4805680e-01   1.0703350e-01   5.4372962e-02   2.4660007e-02
   5.6893201e-01   2.4805934e-01   1.0715996e-01   5.4502251e-02   2.4748281e-02
   5.6865819e-01   2.4806187e-01   1.0728578e-01   5.4630726e-02   2.4836261e-02
   5.6838478e-01   2.4806441e-01   1.0741098e-01   5.4758393e-02   2.4923946e-02
   5.6811179e-01   2.4806694e-01   1.0753558e-01   5.4885257e-02   2.5011339e-02
   5.6783921e-01   2.4806947e-01   1.0765958e-01   5.5011324e-02   2.5098439e-02
   5.6756701e-01   2.4807200e-01   1.0778299e-01   5.5136598e-02   2.5185248e-02
   5.6729520e-01   2.4807453e-01   1.0790583e-01   5.5261085e-02   2.5271765e-02
   5.6702376e-01   2.4807706e-01   1.0802811e-01   5.5384789e-02   2.5357993e-02
   5.6675269e-01   2.4807959e-01   1.0814984e-01   5.5507715e-02   2.5443931e-02
   5.6648198e-01   2.4808212e-01   1.0827104e-01   5.5629869e-02   2.5529581e-02
   5.6621161e-01   2.4808465e-01   1.0839170e-01   5.5751255e-02   2.5614942e-02
   5.6594159e-01   2.4808717e-01   1.0851186e-01   5.5871877e-02   2.5700017e-02
   5.6567190e-01   2.4808970e-01   1.0863150e-01   5.5991742e-02   2.5784805e-02
   5.6540253e-01   2.4809223e-01   1.0875065e-01   5.6110853e-02   2.5869308e-02
   5.6513349e-01   2.4809475e-01   1.0886931e-01   5.6229216e-02   2.5953526e-02
   5.6486475e-01   2.4809728e-01   1.0898750e-01   5.6346835e-02   2.6037460e-02
   5.6459632e-01   2.4809980e-01   1.0910523e-01   5.6463714e-02   2.6121110e-02
   5.6432820e-01   2.4810233e-01   1.0922250e-01   5.6579860e-02   2.6204478e-02
   5.6406036e-01   2.4810485e-01   1.0933932e-01   5.6695275e-02   2.6287564e-02
   5.6379281e-01   2.4810738e-01   1.0945571e-01   5.6809966e-02   2.6370369e-02
   5.6352554e-01   2.4810990e-01   1.0957167e-01   5.6923935e-02   2.6452893e-02
   5.6325855e-01   2.4811242e-01   1.0968721e-01   5.7037189e-02   2.6535138e-02
   5.6299183e-01   2.4811495e-01   1.0980235e-01   5.7149732e-02   2.6617103e-02
   5.6272537e-01   2.4811747e-01   1.0991708e-01   5.7261567e-02   2.6698791e-02
   5.6245917e-01   2.4811999e-01   1.1003142e-01   5.7372700e-02   2.6780201e-02
   5.6219323e-01   2.4812251e-01   1.1014537e-01   5.7483135e-02   2.6861334e-02
   5.6192754e-01   2.4812504e-01   1.1025896e-01   5.7592876e-02   2.6942191e-02
   5.6166210e-01   2.4812756e-01   1.1037217e-01   5.7701928e-02   2.7022773e-02
   5.6139689e-01   2.4813008e-01   1.1048502e-01   5.7810295e-02   2.7103081e-02
   5.6113193e-01   2.4813260e-01   1.1059753e-01   5.7917982e-02   2.7183114e-02
   5.6086720e-01   2.4813512e-01   1.1070968e-01   5.8024992e-02   2.7262874e-02
   5.6060269e-01   2.4813764e-01   1.1082151e-01   5.8131330e-02   2.7342362e-02
   5.6033842e-01   2.4814017e-01   1.1093300e-01   5.8237001e-02   2.7421578e-02
   5.6007436e-01   2.4814269e-01   1.1104417e-01   5.8342009e-02   2.7500523e-02
   5.5981053e-01   2.4814521e-01   1.1115503e-01   5.8446357e-02   2.7579198e-02
   5.5954691e-01   2.4814773e-01   1.1126558e-01   5.8550050e-02   2.7657603e-02
   5.5928350e-01   2.4815025e-01   1.1137583e-01   5.8653092e-02   2.7735739e-02
   5.5902030e-01   2.4815277e-01   1.1148578e-01   5.8755487e-02   2.7813607e-02
   5.5875730e-01   2.4815529e-01   1.1159545e-01   5.8857240e-02   2.7891208e-02
   5.5849451e-01   2.4815781e-01   1.1170484e-01   5.8958354e-02   2.7968542e-02
   5.5823192e-01   2.4816033e-01   1.1181395e-01   5.9058833e-02   2.8045610e-02
   5.5796952e-01   2.4816285e-01   1.1192280e-01   5.9158682e-02   2.8122412e-02
   5.5770732e-01   2.4816538e-01   1.1203138e-01   5.9257905e-02   2.8198949e-02
   5.5744531e-01   2.4816790e-01   1.1213971e-01   5.9356504e-02   2.8275223e-02
   5.5718349e-01   2.4817042e-01   1.1224778e-01   5.9454485e-02   2.8351233e-02
   5.5692186e-01   2.4817294e-01   1.1235562e-01   5.9551852e-02   2.8426981e-02
   5.5666041e-01   2.4817546e-01   1.1246321e-01   5.9648607e-02   2.8502467e-02
   5.5639914e-01   2.4817798e-01   1.1257057e-01   5.9744756e-02   2.8577691e-02
   5.5613805e-01   2.4818050e-01   1.1267771e-01   5.9840301e-02   2.8652655e-02
   5.5587714e-01   2.4818302e-01   1.1278462e-01   5.9935247e-02   2.8727359e-02
   5.5561641e-01   2.4818554e-01   1.1289132e-01   6.0029598e-02   2.8801804e-02
   5.5535585e-01   2.4818806e-01   1.1299781e-01   6.0123356e-02   2.8875990e-02
   5.5509546e-01   2.4819058e-01   1.1310409e-01   6.0216527e-02   2.8949918e-02
   5.5483525e-01   2.4819310e-01   1.1321017e-01   6.0309114e-02   2.9023590e-02
   5.5457520e-01   2.4819562e-01   1.1331605e-01   6.0401120e-02   2.9097005e-02
   5.5431532e-01   2.4819814e-01   1.1342175e-01   6.0492549e-02   2.9170164e-02
   5.5405560e-01   2.4820066e-01   1.1352726e-01   6.0583405e-02   2.9243067e-02
   5.5379605e-01   2.4820318e-01   1.1363258e-01   6.0673691e-02   2.9315717e-02
   5.5353666e-01   2.4820570e-01   1.1373773e-01   6.0763411e-02   2.9388112e-02
   5.5327743e-01   2.4820822e-01   1.1384271e-01   6.0852569e-02   2.9460255e-02
   5.5301835e-01   2.4821074e-01   1.1394752e-01   6.0941168e-02   2.9532145e-02
   5.5275944e-01   2.4821326e-01   1.1405217e-01   6.1029212e-02   2.9603783e-02
   5.5250068e-01   2.4821578e-01   1.1415666e-01   6.1116704e-02   2.9675170e-02
   5.5224208e-01   2.4821830e-01   1.1426099e-01   6.1203647e-02   2.9746306e-02
   5.5198363e-01   2.4822083e-01   1.1436517e-01   6.1290046e-02   2.9817193e-02
   5.5172533e-01   2.4822335e-01   1.1446921e-01   6.1375903e-02   2.9887830e-02
   5.5146719e-01   2.4822587e-01   1.1457310e-01   6.1461223e-02   2.9958219e-02
   5.5120919e-01   2.4822839e-01   1.1467686e-01   6.1546008e-02   3.0028360e-02
   5.5095135e-01   2.4823091e-01   1.1478048e-01   6.1630261e-02   3.0098254e-02
   5.5069365e-01   2.4823343e-01   1.1488397e-01   6.1713987e-02   3.0167902e-02
   5.5043610e-01   2.4823595e-01   1.1498733e-01   6.1797189e-02   3.0237303e-02
   5.5017869e-01   2.4823847e-01   1.1509057e-01   6.1879869e-02   3.0306459e-02
   5.4992143e-01   2.4824099e-01   1.1519369e-01   6.1962032e-02   3.0375370e-02
   5.4966431e-01   2.4824351e-01   1.1529670e-01   6.2043680e-02   3.0444038e-02
   5.4940734e-01   2.4824603e-01   1.1539959e-01   6.2124816e-02   3.0512462e-02
   5.4915051e-01   2.4824855e-01   1.1550237e-01   6.2205445e-02   3.0580644e-02
   5.4889382e-01   2.4825107e-01   1.1560505e-01   6.2285569e-02   3.0648583e-02
   5.4863727e-01   2.4825359e-01   1.1570762e-01   6.2365191e-02   3.0716281e-02
   5.4838086e-01   2.4825611e-01   1.1581009e-01   6.2444315e-02   3.0783738e-02
   5.4812459e-01   2.4825863e-01   1.1591247e-01   6.2522943e-02   3.0850955e-02
   5.4786846e-01   2.4826115e-01   1.1601476e-01   6.2601079e-02   3.0917933e-02
   5.4761246e-01   2.4826367e-01   1.1611695e-01   6.2678727e-02   3.0984671e-02
   5.4735661e-01   2.4826620e-01   1.1621906e-01   6.2755888e-02   3.1051171e-02
   5.4710089e-01   2.4826872e-01   1.1632108e-01   6.2832566e-02   3.1117434e-02
   5.4684530e-01   2.4827124e-01   1.1642302e-01   6.2908765e-02   3.1183460e-02
   5.4658985e-01   2.4827376e-01   1.1652489e-01   6.2984487e-02   3.1249249e-02
   5.4633453e-01   2.4827628e-01   1.1662668e-01   6.3059735e-02   3.1314803e-02
   5.4607935e-01   2.4827880e-01   1.1672839e-01   6.3134512e-02   3.1380121e-02
   5.4582430e-01   2.4828132e-01   1.1683004e-01   6.3208822e-02   3.1445205e-02
   5.4556938e-01   2.4828384e-01   1.1693162e-01   6.3282666e-02   3.1510055e-02
   5.4531460e-01   2.4828636e-01   1.1703314e-01   6.3356049e-02   3.1574671e-02
   5.4505995e-01   2.4828888e-01   1.1713459e-01   6.3428973e-02   3.1639055e-02
   5.4480542e-01   2.4829140e-01   1.1723598e-01   6.3501441e-02   3.1703207e-02
   5.4455103e-01   2.4829392e-01   1.1733732e-01   6.3573456e-02   3.1767128e-02
   5.4429677e-01   2.4829645e-01   1.1743860e-01   6.3645020e-02   3.1830817e-02
   5.4404264e-01   2.4829897e-01   1.1753983e-01   6.3716138e-02   3.1894277e-02
   5.4378864e-01   2.4830149e-01   1.1764101e-01   6.3786810e-02   3.1957506e-02
   5.4353476e-01   2.4830401e-01   1.1774214e-01   6.3857041e-02   3.2020507e-02
   5.4328102e-01   2.4830653e-01   1.1784323e-01   6.3926833e-02   3.2083280e-02
   5.4302740e-01   2.4830905e-01   1.1794427e-01   6.3996188e-02   3.2145824e-02
   5.4277391e-01   2.4831157e-01   1.1804527e-01   6.4065110e-02   3.2208141e-02
   5.4252055e-01   2.4831409e-01   1.1814624e-01   6.4133602e-02   3.2270232e-02
   5.4226731e-01   2.4831661e-01   1.1824716e-01   6.4201665e-02   3.2332097e-02
   5.4201420e-01   2.4831914e-01   1.1834806e-01   6.4269303e-02   3.2393736e-02
   5.4176122e-01   2.4832166e-01   1.1844892e-01   6.4336519e-02   3.2455150e-02
   5.4150836e-01   2.4832418e-01   1.1854975e-01   6.4403315e-02   3.2516341e-02
   5.4125563e-01   2.4832670e-01   1.1865055e-01   6.4469694e-02   3.2577307e-02
   5.4100302e-01   2.4832922e-01   1.1875132e-01   6.4535658e-02   3.2638051e-02
   5.4075054e-01   2.4833174e-01   1.1885208e-01   6.4601210e-02   3.2698572e-02
   5.4049818e-01   2.4833426e-01   1.1895280e-01   6.4666353e-02   3.2758871e-02
   5.4024594e-01   2.4833679e-01   1.1905351e-01   6.4731089e-02   3.2818949e-02
   5.3999383e-01   2.4833931e-01   1.1915420e-01   6.4795420e-02   3.2878806e-02
   5.3974185e-01   2.4834183e-01   1.1925487e-01   6.4859351e-02   3.2938443e-02
   5.3948999e-01   2.4834435e-01   1.1935552e-01   6.4922882e-02   3.2997861e-02
   5.3923825e-01   2.4834687e-01   1.1945617e-01   6.4986016e-02   3.3057060e-02
   5.3898663e-01   2.4834939e-01   1.1955679e-01   6.5048757e-02   3.3116040e-02
   5.3873513e-01   2.4835191e-01   1.1965741e-01   6.5111106e-02   3.3174803e-02
   5.3848376e-01   2.4835444e-01   1.1975802e-01   6.5173066e-02   3.3233348e-02
   5.3823251e-01   2.4835696e-01   1.1985863e-01   6.5234640e-02   3.3291676e-02
   5.3798138e-01   2.4835948e-01   1.1995922e-01   6.5295829e-02   3.3349789e-02
   5.3773038e-01   2.4836200e-01   1.2005982e-01   6.5356636e-02   3.3407686e-02
   5.3747949e-01   2.4836452e-01   1.2016041e-01   6.5417065e-02   3.3465368e-02
   5.3722873e-01   2.4836704e-01   1.2026100e-01   6.5477116e-02   3.3522836e-02
   5.3697809e-01   2.4836957e-01   1.2036159e-01   6.5536793e-02   3.3580090e-02
   5.3672757e-01   2.4837209e-01   1.2046218e-01   6.5596098e-02   3.3637131e-02
   5.3647717e-01   2.4837461e-01   1.2056277e-01   6.5655033e-02   3.3693959e-02
   5.3622689e-01   2.4837713e-01   1.2066337e-01   6.5713600e-02   3.3750575e-02
   5.3597673e-01   2.4837965e-01   1.2076398e-01   6.5771803e-02   3.3806979e-02
   5.3572669e-01   2.4838217e-01   1.2086459e-01   6.5829643e-02   3.3863173e-02
   5.3547677e-01   2.4838470e-01   1.2096521e-01   6.5887122e-02   3.3919156e-02
   5.3522696e-01   2.4838722e-01   1.2106584e-01   6.5944243e-02   3.3974929e-02
   5.3497728e-01   2.4838974e-01   1.2116648e-01   6.6001008e-02   3.4030493e-02
   5.3472772e-01   2.4839226e-01   1.2126714e-01   6.6057419e-02   3.4085848e-02
   5.3447828e-01   2.4839478e-01   1.2136781e-01   6.6113479e-02   3.4140995e-02
   5.3422896e-01   2.4839731e-01   1.2146849e-01   6.6169190e-02   3.4195935e-02
   5.3397975e-01   2.4839983e-01   1.2156919e-01   6.6224554e-02   3.4250667e-02
   5.3373067e-01   2.4840235e-01   1.2166991e-01   6.6279573e-02   3.4305193e-02
   5.3348170e-01   2.4840487e-01   1.2177064e-01   6.6334249e-02   3.4359512e-02
   5.3323285e-01   2.4840739e-01   1.2187140e-01   6.6388585e-02   3.4413627e-02
   5.3298412e-01   2.4840992e-01   1.2197217e-01   6.6442582e-02   3.4467536e-02
   5.3273551e-01   2.4841244e-01   1.2207297e-01   6.6496244e-02   3.4521241e-02
   5.3248702e-01   2.4841496e-01   1.2217379e-01   6.6549571e-02   3.4574742e-02
   5.3223865e-01   2.4841748e-01   1.2227463e-01   6.6602567e-02   3.4628040e-02
   5.3199039e-01   2.4842000e-01   1.2237550e-01   6.6655232e-02   3.4681135e-02
   5.3174225e-01   2.4842253e-01   1.2247640e-01   6.6707570e-02   3.4734028e-02
   5.3149423e-01   2.4842505e-01   1.2257732e-01   6.6759583e-02   3.4786720e-02
   5.3124632e-01   2.4842757e-01   1.2267827e-01   6.6811271e-02   3.4839210e-02
   5.3099853e-01   2.4843009e-01   1.2277925e-01   6.6862639e-02   3.4891499e-02
   5.3075086e-01   2.4843262e-01   1.2288026e-01   6.6913686e-02   3.4943589e-02
   5.3050331e-01   2.4843514e-01   1.2298130e-01   6.6964416e-02   3.4995479e-02
   5.3025588e-01   2.4843766e-01   1.2308237e-01   6.7014831e-02   3.5047170e-02
   5.3000856e-01   2.4844018e-01   1.2318347e-01   6.7064933e-02   3.5098663e-02
   5.2976136e-01   2.4844271e-01   1.2328461e-01   6.7114722e-02   3.5149957e-02
   5.2951427e-01   2.4844523e-01   1.2338578e-01   6.7164203e-02   3.5201054e-02
   5.2926730e-01   2.4844775e-01   1.2348699e-01   6.7213376e-02   3.5251955e-02
   5.2902045e-01   2.4845027e-01   1.2358824e-01   6.7262243e-02   3.5302659e-02
   5.2877371e-01   2.4845280e-01   1.2368952e-01   6.7310806e-02   3.5353167e-02
   5.2852709e-01   2.4845532e-01   1.2379083e-01   6.7359068e-02   3.5403480e-02
   5.2828059e-01   2.4845784e-01   1.2389219e-01   6.7407030e-02   3.5453598e-02
   5.2803420e-01   2.4846036e-01   1.2399359e-01   6.7454694e-02   3.5503521e-02
   5.2778793e-01   2.4846289e-01   1.2409503e-01   6.7502062e-02   3.5553251e-02
   5.2754178e-01   2.4846541e-01   1.2419650e-01   6.7549136e-02   3.5602788e-02
   5.2729574e-01   2.4846793e-01   1.2429802e-01   6.7595918e-02   3.5652132e-02
   5.2704981e-01   2.4847045e-01   1.2439959e-01   6.7642409e-02   3.5701283e-02
   5.2680401e-01   2.4847298e-01   1.2450119e-01   6.7688611e-02   3.5750244e-02
   5.2655831e-01   2.4847550e-01   1.2460284e-01   6.7734527e-02   3.5799012e-02
   5.2631274e-01   2.4847802e-01   1.2470453e-01   6.7780158e-02   3.5847590e-02
   5.2606728e-01   2.4848055e-01   1.2480627e-01   6.7825505e-02   3.5895978e-02
   5.2582193e-01   2.4848307e-01   1.2490806e-01   6.7870572e-02   3.5944177e-02
   5.2557670e-01   2.4848559e-01   1.2500989e-01   6.7915358e-02   3.5992186e-02
   5.2533158e-01   2.4848811e-01   1.2511177e-01   6.7959867e-02   3.6040006e-02
   5.2508658e-01   2.4849064e-01   1.2521370e-01   6.8004100e-02   3.6087638e-02
   5.2484170e-01   2.4849316e-01   1.2531567e-01   6.8048058e-02   3.6135083e-02
   5.2459692e-01   2.4849568e-01   1.2541770e-01   6.8091744e-02   3.6182340e-02
   5.2435227e-01   2.4849821e-01   1.2551977e-01   6.8135159e-02   3.6229411e-02
   5.2410773e-01   2.4850073e-01   1.2562190e-01   6.8178305e-02   3.6276296e-02
   5.2386330e-01   2.4850325e-01   1.2572408e-01   6.8221184e-02   3.6322995e-02
   5.2361899e-01   2.4850578e-01   1.2582630e-01   6.8263797e-02   3.6369508e-02
   5.2337479e-01   2.4850830e-01   1.2592859e-01   6.8306145e-02   3.6415837e-02
   5.2313071e-01   2.4851082e-01   1.2603092e-01   6.8348232e-02   3.6461982e-02
   5.2288674e-01   2.4851334e-01   1.2613331e-01   6.8390057e-02   3.6507944e-02
   5.2264288e-01   2.4851587e-01   1.2623575e-01   6.8431624e-02   3.6553722e-02
   5.2239914e-01   2.4851839e-01   1.2633824e-01   6.8472933e-02   3.6599317e-02
   5.2215552e-01   2.4852091e-01   1.2644079e-01   6.8513987e-02   3.6644730e-02
   5.2191201e-01   2.4852344e-01   1.2654340e-01   6.8554786e-02   3.6689961e-02
   5.2166861e-01   2.4852596e-01   1.2664606e-01   6.8595333e-02   3.6735011e-02
   5.2142532e-01   2.4852848e-01   1.2674878e-01   6.8635628e-02   3.6779880e-02
   5.2118215e-01   2.4853101e-01   1.2685156e-01   6.8675675e-02   3.6824569e-02
   5.2093910e-01   2.4853353e-01   1.2695439e-01   6.8715473e-02   3.6869079e-02
   5.2069615e-01   2.4853605e-01   1.2705728e-01   6.8755026e-02   3.6913409e-02
   5.2045333e-01   2.4853858e-01   1.2716023e-01   6.8794333e-02   3.6957560e-02
   5.2021061e-01   2.4854110e-01   1.2726324e-01   6.8833398e-02   3.7001532e-02
   5.1996801e-01   2.4854362e-01   1.2736631e-01   6.8872221e-02   3.7045327e-02
   5.1972552e-01   2.4854615e-01   1.2746944e-01   6.8910804e-02   3.7088944e-02
   5.1948315e-01   2.4854867e-01   1.2757263e-01   6.8949148e-02   3.7132385e-02
   5.1924088e-01   2.4855120e-01   1.2767588e-01   6.8987256e-02   3.7175649e-02
   5.1899874e-01   2.4855372e-01   1.2777919e-01   6.9025128e-02   3.7218737e-02
   5.1875670e-01   2.4855624e-01   1.2788257e-01   6.9062766e-02   3.7261649e-02
   5.1851478e-01   2.4855877e-01   1.2798600e-01   6.9100171e-02   3.7304386e-02
   5.1827297e-01   2.4856129e-01   1.2808950e-01   6.9137345e-02   3.7346949e-02
   5.1803128e-01   2.4856381e-01   1.2819306e-01   6.9174290e-02   3.7389338e-02
   5.1778969e-01   2.4856634e-01   1.2829669e-01   6.9211007e-02   3.7431553e-02
   5.1754822e-01   2.4856886e-01   1.2840037e-01   6.9247497e-02   3.7473595e-02
   5.1730687e-01   2.4857138e-01   1.2850413e-01   6.9283761e-02   3.7515464e-02
   5.1706562e-01   2.4857391e-01   1.2860794e-01   6.9319802e-02   3.7557161e-02
   5.1682449e-01   2.4857643e-01   1.2871183e-01   6.9355621e-02   3.7598686e-02
   5.1658347e-01   2.4857896e-01   1.2881577e-01   6.9391218e-02   3.7640039e-02
   5.1634257e-01   2.4858148e-01   1.2891979e-01   6.9426596e-02   3.7681222e-02
   5.1610177e-01   2.4858400e-01   1.2902387e-01   6.9461755e-02   3.7722235e-02
   5.1586109e-01   2.4858653e-01   1.2912801e-01   6.9496698e-02   3.7763077e-02
   5.1562052e-01   2.4858905e-01   1.2923223e-01   6.9531425e-02   3.7803750e-02
   5.1538007e-01   2.4859158e-01   1.2933651e-01   6.9565938e-02   3.7844254e-02
   5.1513972e-01   2.4859410e-01   1.2944085e-01   6.9600239e-02   3.7884589e-02
   5.1489949e-01   2.4859662e-01   1.2954527e-01   6.9634328e-02   3.7924756e-02
   5.1465937e-01   2.4859915e-01   1.2964975e-01   6.9668207e-02   3.7964756e-02
   5.1441936e-01   2.4860167e-01   1.2975431e-01   6.9701877e-02   3.8004588e-02
   5.1417947e-01   2.4860420e-01   1.2985893e-01   6.9735340e-02   3.8044253e-02
   5.1393968e-01   2.4860672e-01   1.2996362e-01   6.9768597e-02   3.8083753e-02
   5.1370001e-01   2.4860924e-01   1.3006838e-01   6.9801649e-02   3.8123086e-02
   5.1346045e-01   2.4861177e-01   1.3017321e-01   6.9834497e-02   3.8162253e-02
   5.1322101e-01   2.4861429e-01   1.3027811e-01   6.9867144e-02   3.8201256e-02
   5.1298167e-01   2.4861682e-01   1.3038308e-01   6.9899589e-02   3.8240094e-02
   5.1274245e-01   2.4861934e-01   1.3048812e-01   6.9931835e-02   3.8278768e-02
   5.1250333e-01   2.4862186e-01   1.3059323e-01   6.9963882e-02   3.8317279e-02
   5.1226433e-01   2.4862439e-01   1.3069841e-01   6.9995732e-02   3.8355626e-02
   5.1202544e-01   2.4862691e-01   1.3080367e-01   7.0027387e-02   3.8393810e-02
   5.1178667e-01   2.4862944e-01   1.3090899e-01   7.0058846e-02   3.8431832e-02
   5.1154800e-01   2.4863196e-01   1.3101439e-01   7.0090113e-02   3.8469692e-02
   5.1130944e-01   2.4863449e-01   1.3111986e-01   7.0121187e-02   3.8507390e-02
   5.1107100e-01   2.4863701e-01   1.3122541e-01   7.0152070e-02   3.8544928e-02
   5.1083267e-01   2.4863954e-01   1.3133102e-01   7.0182764e-02   3.8582305e-02
   5.1059445e-01   2.4864206e-01   1.3143671e-01   7.0213268e-02   3.8619521e-02
   5.1035634e-01   2.4864458e-01   1.3154248e-01   7.0243586e-02   3.8656578e-02
   5.1011834e-01   2.4864711e-01   1.3164831e-01   7.0273717e-02   3.8693476e-02
   5.0988045e-01   2.4864963e-01   1.3175423e-01   7.0303664e-02   3.8730214e-02
   5.0964267e-01   2.4865216e-01   1.3186021e-01   7.0333426e-02   3.8766794e-02
   5.0940501e-01   2.4865468e-01   1.3196627e-01   7.0363006e-02   3.8803217e-02
   5.0916745e-01   2.4865721e-01   1.3207241e-01   7.0392405e-02   3.8839481e-02
   5.0893001e-01   2.4865973e-01   1.3217862e-01   7.0421623e-02   3.8875588e-02
   5.0869268e-01   2.4866226e-01   1.3228490e-01   7.0450662e-02   3.8911539e-02
   5.0845545e-01   2.4866478e-01   1.3239126e-01   7.0479523e-02   3.8947333e-02
   5.0821834e-01   2.4866731e-01   1.3249770e-01   7.0508206e-02   3.8982971e-02
   5.0798134e-01   2.4866983e-01   1.3260421e-01   7.0536715e-02   3.9018454e-02
   5.0774445e-01   2.4867236e-01   1.3271080e-01   7.0565048e-02   3.9053782e-02
   5.0750767e-01   2.4867488e-01   1.3281746e-01   7.0593208e-02   3.9088954e-02
   5.0727100e-01   2.4867741e-01   1.3292420e-01   7.0621195e-02   3.9123973e-02
   5.0703444e-01   2.4867993e-01   1.3303102e-01   7.0649011e-02   3.9158838e-02
   5.0679799e-01   2.4868245e-01   1.3313792e-01   7.0676656e-02   3.9193549e-02
   5.0656166e-01   2.4868498e-01   1.3324489e-01   7.0704133e-02   3.9228108e-02
   5.0632543e-01   2.4868750e-01   1.3335194e-01   7.0731441e-02   3.9262514e-02
   5.0608931e-01   2.4869003e-01   1.3345907e-01   7.0758582e-02   3.9296767e-02
   5.0585330e-01   2.4869255e-01   1.3356627e-01   7.0785557e-02   3.9330869e-02
   5.0561740e-01   2.4869508e-01   1.3367356e-01   7.0812367e-02   3.9364820e-02
   5.0538162e-01   2.4869760e-01   1.3378092e-01   7.0839013e-02   3.9398619e-02
   5.0514594e-01   2.4870013e-01   1.3388836e-01   7.0865496e-02   3.9432268e-02
   5.0491037e-01   2.4870265e-01   1.3399588e-01   7.0891817e-02   3.9465767e-02
   5.0467491e-01   2.4870518e-01   1.3410348e-01   7.0917978e-02   3.9499117e-02
   5.0443957e-01   2.4870771e-01   1.3421115e-01   7.0943978e-02   3.9532316e-02
   5.0420433e-01   2.4871023e-01   1.3431891e-01   7.0969820e-02   3.9565367e-02
   5.0396920e-01   2.4871276e-01   1.3442674e-01   7.0995504e-02   3.9598270e-02
   5.0373418e-01   2.4871528e-01   1.3453466e-01   7.1021031e-02   3.9631024e-02
   5.0349927e-01   2.4871781e-01   1.3464265e-01   7.1046402e-02   3.9663631e-02
   5.0326447e-01   2.4872033e-01   1.3475073e-01   7.1071619e-02   3.9696090e-02
   5.0302978e-01   2.4872286e-01   1.3485889e-01   7.1096681e-02   3.9728402e-02
   5.0279520e-01   2.4872538e-01   1.3496712e-01   7.1121591e-02   3.9760568e-02
   5.0256073e-01   2.4872791e-01   1.3507544e-01   7.1146349e-02   3.9792588e-02
   5.0232637e-01   2.4873043e-01   1.3518383e-01   7.1170956e-02   3.9824462e-02
   5.0209212e-01   2.4873296e-01   1.3529231e-01   7.1195413e-02   3.9856190e-02
   5.0185797e-01   2.4873548e-01   1.3540087e-01   7.1219720e-02   3.9887774e-02
   5.0162394e-01   2.4873801e-01   1.3550951e-01   7.1243880e-02   3.9919213e-02
   5.0139001e-01   2.4874053e-01   1.3561823e-01   7.1267893e-02   3.9950508e-02
   5.0115620e-01   2.4874306e-01   1.3572703e-01   7.1291759e-02   3.9981659e-02
   5.0092249e-01   2.4874559e-01   1.3583592e-01   7.1315480e-02   4.0012667e-02
   5.0068890e-01   2.4874811e-01   1.3594488e-01   7.1339057e-02   4.0043532e-02
   5.0045541e-01   2.4875064e-01   1.3605393e-01   7.1362490e-02   4.0074254e-02
   5.0022203e-01   2.4875316e-01   1.3616306e-01   7.1385781e-02   4.0104834e-02
   4.9998876e-01   2.4875569e-01   1.3627228e-01   7.1408930e-02   4.0135273e-02
   4.9975559e-01   2.4875821e-01   1.3638157e-01   7.1431938e-02   4.0165569e-02
   4.9952254e-01   2.4876074e-01   1.3649095e-01   7.1454806e-02   4.0195725e-02
   4.9928960e-01   2.4876326e-01   1.3660041e-01   7.1477535e-02   4.0225740e-02
   4.9905676e-01   2.4876579e-01   1.3670995e-01   7.1500127e-02   4.0255615e-02
   4.9882403e-01   2.4876832e-01   1.3681958e-01   7.1522581e-02   4.0285350e-02
   4.9859141e-01   2.4877084e-01   1.3692929e-01   7.1544898e-02   4.0314945e-02
   4.9835890e-01   2.4877337e-01   1.3703908e-01   7.1567081e-02   4.0344401e-02
   4.9812650e-01   2.4877589e-01   1.3714896e-01   7.1589128e-02   4.0373719e-02
   4.9789421e-01   2.4877842e-01   1.3725892e-01   7.1611042e-02   4.0402898e-02
   4.9766202e-01   2.4878095e-01   1.3736897e-01   7.1632823e-02   4.0431939e-02
   4.9742995e-01   2.4878347e-01   1.3747910e-01   7.1654472e-02   4.0460842e-02
   4.9719798e-01   2.4878600e-01   1.3758931e-01   7.1675989e-02   4.0489608e-02
   4.9696612e-01   2.4878852e-01   1.3769961e-01   7.1697376e-02   4.0518238e-02
   4.9673436e-01   2.4879105e-01   1.3780999e-01   7.1718633e-02   4.0546730e-02
   4.9650272e-01   2.4879358e-01   1.3792045e-01   7.1739762e-02   4.0575087e-02
   4.9627118e-01   2.4879610e-01   1.3803100e-01   7.1760763e-02   4.0603308e-02
   4.9603976e-01   2.4879863e-01   1.3814164e-01   7.1781636e-02   4.0631393e-02
   4.9580843e-01   2.4880115e-01   1.3825236e-01   7.1802384e-02   4.0659343e-02
   4.9557722e-01   2.4880368e-01   1.3836316e-01   7.1823005e-02   4.0687159e-02
   4.9534612e-01   2.4880621e-01   1.3847405e-01   7.1843502e-02   4.0714840e-02
   4.9511512e-01   2.4880873e-01   1.3858503e-01   7.1863875e-02   4.0742388e-02
   4.9488423e-01   2.4881126e-01   1.3869609e-01   7.1884125e-02   4.0769802e-02
   4.9465345e-01   2.4881378e-01   1.3880724e-01   7.1904252e-02   4.0797082e-02
   4.9442278e-01   2.4881631e-01   1.3891847e-01   7.1924258e-02   4.0824230e-02
   4.9419221e-01   2.4881884e-01   1.3902979e-01   7.1944143e-02   4.0851245e-02
   4.9396175e-01   2.4882136e-01   1.3914119e-01   7.1963908e-02   4.0878129e-02
   4.9373140e-01   2.4882389e-01   1.3925268e-01   7.1983553e-02   4.0904880e-02
   4.9350116e-01   2.4882642e-01   1.3936426e-01   7.2003080e-02   4.0931500e-02
   4.9327102e-01   2.4882894e-01   1.3947592e-01   7.2022490e-02   4.0957989e-02
   4.9304099e-01   2.4883147e-01   1.3958767e-01   7.2041782e-02   4.0984347e-02
   4.9281107e-01   2.4883399e-01   1.3969951e-01   7.2060957e-02   4.1010575e-02
   4.9258126e-01   2.4883652e-01   1.3981143e-01   7.2080017e-02   4.1036673e-02
   4.9235155e-01   2.4883905e-01   1.3992344e-01   7.2098963e-02   4.1062642e-02
   4.9212195e-01   2.4884157e-01   1.4003554e-01   7.2117794e-02   4.1088481e-02
   4.9189245e-01   2.4884410e-01   1.4014772e-01   7.2136512e-02   4.1114191e-02
   4.9166307e-01   2.4884663e-01   1.4025999e-01   7.2155117e-02   4.1139772e-02
   4.9143379e-01   2.4884915e-01   1.4037235e-01   7.2173610e-02   4.1165226e-02
   4.9120462e-01   2.4885168e-01   1.4048479e-01   7.2191992e-02   4.1190551e-02
   4.9097555e-01   2.4885421e-01   1.4059733e-01   7.2210263e-02   4.1215749e-02
   4.9074659e-01   2.4885673e-01   1.4070995e-01   7.2228424e-02   4.1240820e-02
   4.9051774e-01   2.4885926e-01   1.4082266e-01   7.2246476e-02   4.1265764e-02
   4.9028900e-01   2.4886179e-01   1.4093545e-01   7.2264420e-02   4.1290582e-02
   4.9006036e-01   2.4886431e-01   1.4104834e-01   7.2282256e-02   4.1315274e-02
   4.8983183e-01   2.4886684e-01   1.4116131e-01   7.2299985e-02   4.1339839e-02
   4.8960340e-01   2.4886937e-01   1.4127437e-01   7.2317607e-02   4.1364280e-02
   4.8937508e-01   2.4887189e-01   1.4138752e-01   7.2335124e-02   4.1388595e-02
   4.8914687e-01   2.4887442e-01   1.4150075e-01   7.2352536e-02   4.1412785e-02
   4.8891876e-01   2.4887695e-01   1.4161408e-01   7.2369843e-02   4.1436851e-02
   4.8869076e-01   2.4887947e-01   1.4172749e-01   7.2387046e-02   4.1460793e-02
   4.8846287e-01   2.4888200e-01   1.4184100e-01   7.2404146e-02   4.1484612e-02
   4.8823508e-01   2.4888453e-01   1.4195459e-01   7.2421144e-02   4.1508307e-02
   4.8800740e-01   2.4888706e-01   1.4206827e-01   7.2438040e-02   4.1531879e-02
   4.8777983e-01   2.4888958e-01   1.4218204e-01   7.2454835e-02   4.1555328e-02
   4.8755236e-01   2.4889211e-01   1.4229590e-01   7.2471530e-02   4.1578655e-02
   4.8732500e-01   2.4889464e-01   1.4240985e-01   7.2488124e-02   4.1601859e-02
   4.8709774e-01   2.4889716e-01   1.4252388e-01   7.2504620e-02   4.1624943e-02
   4.8687059e-01   2.4889969e-01   1.4263801e-01   7.2521016e-02   4.1647904e-02
   4.8664355e-01   2.4890222e-01   1.4275223e-01   7.2537315e-02   4.1670745e-02
   4.8641661e-01   2.4890474e-01   1.4286653e-01   7.2553516e-02   4.1693465e-02
   4.8618978e-01   2.4890727e-01   1.4298093e-01   7.2569621e-02   4.1716065e-02
   4.8596305e-01   2.4890980e-01   1.4309542e-01   7.2585629e-02   4.1738544e-02
   4.8573643e-01   2.4891233e-01   1.4320999e-01   7.2601542e-02   4.1760904e-02
   4.8550992e-01   2.4891485e-01   1.4332466e-01   7.2617360e-02   4.1783145e-02
   4.8528351e-01   2.4891738e-01   1.4343941e-01   7.2633084e-02   4.1805266e-02
   4.8505720e-01   2.4891991e-01   1.4355426e-01   7.2648714e-02   4.1827269e-02
   4.8483100e-01   2.4892244e-01   1.4366920e-01   7.2664251e-02   4.1849154e-02
   4.8460491e-01   2.4892496e-01   1.4378423e-01   7.2679695e-02   4.1870920e-02
   4.8437892e-01   2.4892749e-01   1.4389934e-01   7.2695047e-02   4.1892569e-02
   4.8415304e-01   2.4893002e-01   1.4401455e-01   7.2710308e-02   4.1914100e-02
   4.8392726e-01   2.4893254e-01   1.4412985e-01   7.2725478e-02   4.1935514e-02
   4.8370159e-01   2.4893507e-01   1.4424524e-01   7.2740558e-02   4.1956811e-02
   4.8347603e-01   2.4893760e-01   1.4436072e-01   7.2755548e-02   4.1977992e-02
   4.8325056e-01   2.4894013e-01   1.4447629e-01   7.2770450e-02   4.1999057e-02
   4.8302521e-01   2.4894265e-01   1.4459196e-01   7.2785262e-02   4.2020006e-02
   4.8279996e-01   2.4894518e-01   1.4470771e-01   7.2799987e-02   4.2040839e-02
   4.8257481e-01   2.4894771e-01   1.4482356e-01   7.2814624e-02   4.2061558e-02
   4.8234977e-01   2.4895024e-01   1.4493950e-01   7.2829175e-02   4.2082161e-02
   4.8212483e-01   2.4895277e-01   1.4505553e-01   7.2843639e-02   4.2102650e-02
   4.8190000e-01   2.4895529e-01   1.4517165e-01   7.2858017e-02   4.2123025e-02
   4.8167528e-01   2.4895782e-01   1.4528786e-01   7.2872311e-02   4.2143285e-02
   4.8145066e-01   2.4896035e-01   1.4540416e-01   7.2886519e-02   4.2163433e-02
   4.8122614e-01   2.4896288e-01   1.4552056e-01   7.2900644e-02   4.2183466e-02
   4.8100173e-01   2.4896540e-01   1.4563705e-01   7.2914685e-02   4.2203387e-02
   4.8077742e-01   2.4896793e-01   1.4575363e-01   7.2928642e-02   4.2223196e-02
   4.8055322e-01   2.4897046e-01   1.4587030e-01   7.2942518e-02   4.2242892e-02
   4.8032912e-01   2.4897299e-01   1.4598707e-01   7.2956311e-02   4.2262476e-02
   4.8010512e-01   2.4897552e-01   1.4610392e-01   7.2970023e-02   4.2281948e-02
   4.7988124e-01   2.4897804e-01   1.4622087e-01   7.2983653e-02   4.2301309e-02
   4.7965745e-01   2.4898057e-01   1.4633792e-01   7.2997204e-02   4.2320558e-02
   4.7943377e-01   2.4898310e-01   1.4645505e-01   7.3010674e-02   4.2339697e-02
   4.7921019e-01   2.4898563e-01   1.4657228e-01   7.3024065e-02   4.2358726e-02
   4.7898672e-01   2.4898815e-01   1.4668960e-01   7.3037377e-02   4.2377644e-02
   4.7876335e-01   2.4899068e-01   1.4680701e-01   7.3050610e-02   4.2396452e-02
   4.7854009e-01   2.4899321e-01   1.4692452e-01   7.3063766e-02   4.2415151e-02
   4.7831693e-01   2.4899574e-01   1.4704212e-01   7.3076844e-02   4.2433741e-02
   4.7809388e-01   2.4899827e-01   1.4715981e-01   7.3089845e-02   4.2452221e-02
   4.7787093e-01   2.4900079e-01   1.4727760e-01   7.3102769e-02   4.2470593e-02
   4.7764808e-01   2.4900332e-01   1.4739548e-01   7.3115618e-02   4.2488857e-02
   4.7742533e-01   2.4900585e-01   1.4751345e-01   7.3128391e-02   4.2507012e-02
   4.7720269e-01   2.4900838e-01   1.4763152e-01   7.3141089e-02   4.2525060e-02
   4.7698016e-01   2.4901091e-01   1.4774968e-01   7.3153713e-02   4.2543000e-02
   4.7675773e-01   2.4901344e-01   1.4786793e-01   7.3166262e-02   4.2560833e-02
   4.7653540e-01   2.4901596e-01   1.4798628e-01   7.3178738e-02   4.2578560e-02
   4.7631317e-01   2.4901849e-01   1.4810472e-01   7.3191141e-02   4.2596179e-02
   4.7609105e-01   2.4902102e-01   1.4822326e-01   7.3203471e-02   4.2613693e-02
   4.7586904e-01   2.4902355e-01   1.4834189e-01   7.3215729e-02   4.2631100e-02
   4.7564712e-01   2.4902608e-01   1.4846062e-01   7.3227914e-02   4.2648402e-02
   4.7542531e-01   2.4902861e-01   1.4857943e-01   7.3240029e-02   4.2665598e-02
   4.7520361e-01   2.4903113e-01   1.4869835e-01   7.3252073e-02   4.2682689e-02
   4.7498200e-01   2.4903366e-01   1.4881735e-01   7.3264046e-02   4.2699676e-02
   4.7476050e-01   2.4903619e-01   1.4893646e-01   7.3275950e-02   4.2716558e-02
   4.7453911e-01   2.4903872e-01   1.4905565e-01   7.3287784e-02   4.2733335e-02
   4.7431781e-01   2.4904125e-01   1.4917494e-01   7.3299548e-02   4.2750009e-02
   4.7409662e-01   2.4904378e-01   1.4929433e-01   7.3311245e-02   4.2766579e-02
   4.7387553e-01   2.4904631e-01   1.4941381e-01   7.3322873e-02   4.2783046e-02
   4.7365455e-01   2.4904883e-01   1.4953339e-01   7.3334433e-02   4.2799410e-02
   4.7343367e-01   2.4905136e-01   1.4965306e-01   7.3345926e-02   4.2815671e-02
   4.7321289e-01   2.4905389e-01   1.4977283e-01   7.3357351e-02   4.2831829e-02
   4.7299222e-01   2.4905642e-01   1.4989269e-01   7.3368711e-02   4.2847885e-02
   4.7277164e-01   2.4905895e-01   1.5001264e-01   7.3380004e-02   4.2863839e-02
   4.7255117e-01   2.4906148e-01   1.5013270e-01   7.3391232e-02   4.2879692e-02
   4.7233081e-01   2.4906401e-01   1.5025284e-01   7.3402394e-02   4.2895443e-02
   4.7211054e-01   2.4906653e-01   1.5037309e-01   7.3413492e-02   4.2911094e-02
   4.7189038e-01   2.4906906e-01   1.5049343e-01   7.3424525e-02   4.2926643e-02
   4.7167032e-01   2.4907159e-01   1.5061386e-01   7.3435494e-02   4.2942092e-02
   4.7145037e-01   2.4907412e-01   1.5073439e-01   7.3446400e-02   4.2957440e-02
   4.7123052e-01   2.4907665e-01   1.5085502e-01   7.3457242e-02   4.2972689e-02
   4.7101076e-01   2.4907918e-01   1.5097574e-01   7.3468021e-02   4.2987838e-02
   4.7079112e-01   2.4908171e-01   1.5109656e-01   7.3478739e-02   4.3002888e-02
   4.7057157e-01   2.4908424e-01   1.5121748e-01   7.3489394e-02   4.3017838e-02
   4.7035213e-01   2.4908677e-01   1.5133849e-01   7.3499987e-02   4.3032690e-02
   4.7013279e-01   2.4908930e-01   1.5145960e-01   7.3510519e-02   4.3047443e-02
   4.6991355e-01   2.4909182e-01   1.5158080e-01   7.3520991e-02   4.3062098e-02
   4.6969441e-01   2.4909435e-01   1.5170210e-01   7.3531402e-02   4.3076655e-02
   4.6947538e-01   2.4909688e-01   1.5182350e-01   7.3541753e-02   4.3091114e-02
   4.6925644e-01   2.4909941e-01   1.5194499e-01   7.3552044e-02   4.3105476e-02
   4.6903761e-01   2.4910194e-01   1.5206658e-01   7.3562276e-02   4.3119740e-02
   4.6881889e-01   2.4910447e-01   1.5218827e-01   7.3572449e-02   4.3133907e-02
   4.6860026e-01   2.4910700e-01   1.5231006e-01   7.3582563e-02   4.3147978e-02
   4.6838174e-01   2.4910953e-01   1.5243194e-01   7.3592619e-02   4.3161953e-02
   4.6816331e-01   2.4911206e-01   1.5255392e-01   7.3602618e-02   4.3175831e-02
   4.6794499e-01   2.4911459e-01   1.5267599e-01   7.3612559e-02   4.3189614e-02
   4.6772678e-01   2.4911712e-01   1.5279817e-01   7.3622443e-02   4.3203301e-02
   4.6750866e-01   2.4911965e-01   1.5292044e-01   7.3632270e-02   4.3216892e-02
   4.6729064e-01   2.4912217e-01   1.5304280e-01   7.3642040e-02   4.3230389e-02
   4.6707273e-01   2.4912470e-01   1.5316527e-01   7.3651755e-02   4.3243791e-02
   4.6685492e-01   2.4912723e-01   1.5328783e-01   7.3661414e-02   4.3257098e-02
   4.6663721e-01   2.4912976e-01   1.5341049e-01   7.3671018e-02   4.3270311e-02
   4.6641960e-01   2.4913229e-01   1.5353325e-01   7.3680567e-02   4.3283431e-02
   4.6620209e-01   2.4913482e-01   1.5365611e-01   7.3690061e-02   4.3296456e-02
   4.6598469e-01   2.4913735e-01   1.5377907e-01   7.3699501e-02   4.3309388e-02
   4.6576738e-01   2.4913988e-01   1.5390212e-01   7.3708887e-02   4.3322227e-02
   4.6555018e-01   2.4914241e-01   1.5402527e-01   7.3718219e-02   4.3334973e-02
   4.6533308e-01   2.4914494e-01   1.5414852e-01   7.3727498e-02   4.3347626e-02
   4.6511608e-01   2.4914747e-01   1.5427187e-01   7.3736725e-02   4.3360187e-02
   4.6489918e-01   2.4915000e-01   1.5439531e-01   7.3745898e-02   4.3372656e-02
   4.6468238e-01   2.4915253e-01   1.5451886e-01   7.3755020e-02   4.3385032e-02
   4.6446568e-01   2.4915506e-01   1.5464250e-01   7.3764089e-02   4.3397318e-02
   4.6424909e-01   2.4915759e-01   1.5476624e-01   7.3773107e-02   4.3409512e-02
   4.6403259e-01   2.4916012e-01   1.5489008e-01   7.3782074e-02   4.3421614e-02
   4.6381620e-01   2.4916265e-01   1.5501402e-01   7.3790990e-02   4.3433626e-02
   4.6359990e-01   2.4916518e-01   1.5513806e-01   7.3799855e-02   4.3445548e-02
   4.6338371e-01   2.4916771e-01   1.5526220e-01   7.3808670e-02   4.3457379e-02
   4.6316762e-01   2.4917024e-01   1.5538643e-01   7.3817435e-02   4.3469119e-02
   4.6295163e-01   2.4917277e-01   1.5551077e-01   7.3826150e-02   4.3480771e-02
   4.6273574e-01   2.4917530e-01   1.5563520e-01   7.3834816e-02   4.3492332e-02
   4.6251995e-01   2.4917783e-01   1.5575974e-01   7.3843433e-02   4.3503804e-02
   4.6230426e-01   2.4918036e-01   1.5588437e-01   7.3852002e-02   4.3515187e-02
   4.6208867e-01   2.4918289e-01   1.5600910e-01   7.3860522e-02   4.3526482e-02
   4.6187319e-01   2.4918542e-01   1.5613393e-01   7.3868993e-02   4.3537687e-02
   4.6165780e-01   2.4918795e-01   1.5625887e-01   7.3877418e-02   4.3548805e-02
   4.6144251e-01   2.4919048e-01   1.5638390e-01   7.3885794e-02   4.3559834e-02
   4.6122733e-01   2.4919301e-01   1.5650903e-01   7.3894123e-02   4.3570776e-02
   4.6101224e-01   2.4919554e-01   1.5663426e-01   7.3902406e-02   4.3581630e-02
   4.6079726e-01   2.4919807e-01   1.5675959e-01   7.3910642e-02   4.3592396e-02
   4.6058237e-01   2.4920060e-01   1.5688502e-01   7.3918831e-02   4.3603076e-02
   4.6036759e-01   2.4920313e-01   1.5701055e-01   7.3926975e-02   4.3613669e-02
   4.6015290e-01   2.4920566e-01   1.5713619e-01   7.3935073e-02   4.3624175e-02
   4.5993832e-01   2.4920819e-01   1.5726192e-01   7.3943125e-02   4.3634595e-02
   4.5972383e-01   2.4921072e-01   1.5738775e-01   7.3951133e-02   4.3644928e-02
   4.5950945e-01   2.4921325e-01   1.5751368e-01   7.3959095e-02   4.3655176e-02
   4.5929516e-01   2.4921578e-01   1.5763972e-01   7.3967013e-02   4.3665339e-02
   4.5908098e-01   2.4921831e-01   1.5776585e-01   7.3974887e-02   4.3675416e-02
   4.5886689e-01   2.4922084e-01   1.5789209e-01   7.3982716e-02   4.3685407e-02
   4.5865291e-01   2.4922337e-01   1.5801842e-01   7.3990502e-02   4.3695314e-02
   4.5843902e-01   2.4922590e-01   1.5814486e-01   7.3998245e-02   4.3705137e-02
   4.5822524e-01   2.4922843e-01   1.5827140e-01   7.4005944e-02   4.3714874e-02
   4.5801155e-01   2.4923096e-01   1.5839804e-01   7.4013601e-02   4.3724528e-02
   4.5779796e-01   2.4923349e-01   1.5852478e-01   7.4021214e-02   4.3734098e-02
   4.5758448e-01   2.4923602e-01   1.5865162e-01   7.4028786e-02   4.3743584e-02
   4.5737109e-01   2.4923855e-01   1.5877856e-01   7.4036315e-02   4.3752987e-02
   4.5715780e-01   2.4924108e-01   1.5890560e-01   7.4043803e-02   4.3762306e-02
   4.5694461e-01   2.4924361e-01   1.5903275e-01   7.4051249e-02   4.3771543e-02
   4.5673153e-01   2.4924614e-01   1.5916000e-01   7.4058653e-02   4.3780697e-02
   4.5651854e-01   2.4924867e-01   1.5928735e-01   7.4066017e-02   4.3789768e-02
   4.5630565e-01   2.4925121e-01   1.5941480e-01   7.4073340e-02   4.3798757e-02
   4.5609286e-01   2.4925374e-01   1.5954235e-01   7.4080623e-02   4.3807664e-02
   4.5588016e-01   2.4925627e-01   1.5967000e-01   7.4087865e-02   4.3816489e-02
   4.5566757e-01   2.4925880e-01   1.5979776e-01   7.4095067e-02   4.3825233e-02
   4.5545508e-01   2.4926133e-01   1.5992562e-01   7.4102229e-02   4.3833895e-02
   4.5524269e-01   2.4926386e-01   1.6005358e-01   7.4109352e-02   4.3842476e-02
   4.5503039e-01   2.4926639e-01   1.6018164e-01   7.4116436e-02   4.3850977e-02
   4.5481819e-01   2.4926892e-01   1.6030981e-01   7.4123481e-02   4.3859397e-02
   4.5460610e-01   2.4927145e-01   1.6043807e-01   7.4130487e-02   4.3867736e-02
   4.5439410e-01   2.4927398e-01   1.6056644e-01   7.4137454e-02   4.3875995e-02
   4.5418220e-01   2.4927651e-01   1.6069492e-01   7.4144383e-02   4.3884174e-02
   4.5397040e-01   2.4927904e-01   1.6082349e-01   7.4151274e-02   4.3892274e-02
   4.5375870e-01   2.4928157e-01   1.6095217e-01   7.4158128e-02   4.3900294e-02
   4.5354709e-01   2.4928411e-01   1.6108095e-01   7.4164944e-02   4.3908234e-02
   4.5333559e-01   2.4928664e-01   1.6120983e-01   7.4171722e-02   4.3916096e-02
   4.5312418e-01   2.4928917e-01   1.6133882e-01   7.4178464e-02   4.3923879e-02
   4.5291288e-01   2.4929170e-01   1.6146791e-01   7.4185169e-02   4.3931583e-02
   4.5270167e-01   2.4929423e-01   1.6159710e-01   7.4191837e-02   4.3939209e-02
   4.5249056e-01   2.4929676e-01   1.6172640e-01   7.4198469e-02   4.3946757e-02
   4.5227955e-01   2.4929929e-01   1.6185580e-01   7.4205064e-02   4.3954227e-02
   4.5206863e-01   2.4930182e-01   1.6198530e-01   7.4211624e-02   4.3961619e-02
   4.5185782e-01   2.4930435e-01   1.6211491e-01   7.4218148e-02   4.3968934e-02
   4.5164710e-01   2.4930689e-01   1.6224462e-01   7.4224637e-02   4.3976171e-02
   4.5143648e-01   2.4930942e-01   1.6237443e-01   7.4231090e-02   4.3983332e-02
   4.5122596e-01   2.4931195e-01   1.6250435e-01   7.4237508e-02   4.3990416e-02
   4.5101554e-01   2.4931448e-01   1.6263437e-01   7.4243892e-02   4.3997423e-02
   4.5080522e-01   2.4931701e-01   1.6276450e-01   7.4250241e-02   4.4004353e-02
   4.5059499e-01   2.4931954e-01   1.6289473e-01   7.4256556e-02   4.4011208e-02
   4.5038487e-01   2.4932207e-01   1.6302506e-01   7.4262836e-02   4.4017987e-02
   4.5017484e-01   2.4932461e-01   1.6315550e-01   7.4269083e-02   4.4024690e-02
   4.4996490e-01   2.4932714e-01   1.6328604e-01   7.4275296e-02   4.4031317e-02
   4.4975507e-01   2.4932967e-01   1.6341669e-01   7.4281475e-02   4.4037869e-02
   4.4954533e-01   2.4933220e-01   1.6354744e-01   7.4287622e-02   4.4044346e-02
   4.4933570e-01   2.4933473e-01   1.6367829e-01   7.4293735e-02   4.4050749e-02
   4.4912616e-01   2.4933726e-01   1.6380925e-01   7.4299815e-02   4.4057076e-02
   4.4891671e-01   2.4933979e-01   1.6394032e-01   7.4305863e-02   4.4063330e-02
   4.4870737e-01   2.4934233e-01   1.6407149e-01   7.4311878e-02   4.4069509e-02
   4.4849812e-01   2.4934486e-01   1.6420276e-01   7.4317861e-02   4.4075614e-02
   4.4828897e-01   2.4934739e-01   1.6433414e-01   7.4323812e-02   4.4081645e-02
   4.4807992e-01   2.4934992e-01   1.6446563e-01   7.4329732e-02   4.4087603e-02
   4.4787096e-01   2.4935245e-01   1.6459722e-01   7.4335619e-02   4.4093487e-02
   4.4766211e-01   2.4935498e-01   1.6472891e-01   7.4341476e-02   4.4099299e-02
   4.4745335e-01   2.4935752e-01   1.6486071e-01   7.4347301e-02   4.4105037e-02
   4.4724468e-01   2.4936005e-01   1.6499262e-01   7.4353094e-02   4.4110703e-02
   4.4703612e-01   2.4936258e-01   1.6512463e-01   7.4358858e-02   4.4116296e-02
   4.4682765e-01   2.4936511e-01   1.6525674e-01   7.4364590e-02   4.4121817e-02
   4.4661928e-01   2.4936764e-01   1.6538897e-01   7.4370292e-02   4.4127266e-02
   4.4641101e-01   2.4937017e-01   1.6552129e-01   7.4375964e-02   4.4132642e-02
   4.4620283e-01   2.4937271e-01   1.6565373e-01   7.4381606e-02   4.4137948e-02
   4.4599475e-01   2.4937524e-01   1.6578627e-01   7.4387218e-02   4.4143182e-02
   4.4578677e-01   2.4937777e-01   1.6591891e-01   7.4392800e-02   4.4148344e-02
   4.4557888e-01   2.4938030e-01   1.6605167e-01   7.4398353e-02   4.4153436e-02
   4.4537110e-01   2.4938283e-01   1.6618452e-01   7.4403876e-02   4.4158456e-02
   4.4516340e-01   2.4938537e-01   1.6631749e-01   7.4409371e-02   4.4163406e-02
   4.4495581e-01   2.4938790e-01   1.6645056e-01   7.4414836e-02   4.4168286e-02
   4.4474831e-01   2.4939043e-01   1.6658373e-01   7.4420273e-02   4.4173095e-02
   4.4454091e-01   2.4939296e-01   1.6671702e-01   7.4425681e-02   4.4177835e-02
   4.4433361e-01   2.4939549e-01   1.6685041e-01   7.4431061e-02   4.4182504e-02
   4.4412640e-01   2.4939803e-01   1.6698390e-01   7.4436413e-02   4.4187104e-02
   4.4391929e-01   2.4940056e-01   1.6711751e-01   7.4441736e-02   4.4191635e-02
   4.4371227e-01   2.4940309e-01   1.6725122e-01   7.4447032e-02   4.4196096e-02
   4.4350535e-01   2.4940562e-01   1.6738503e-01   7.4452300e-02   4.4200488e-02
   4.4329853e-01   2.4940816e-01   1.6751896e-01   7.4457541e-02   4.4204812e-02
   4.4309181e-01   2.4941069e-01   1.6765299e-01   7.4462754e-02   4.4209066e-02
   4.4288518e-01   2.4941322e-01   1.6778713e-01   7.4467940e-02   4.4213253e-02
   4.4267865e-01   2.4941575e-01   1.6792137e-01   7.4473099e-02   4.4217371e-02
   4.4247221e-01   2.4941829e-01   1.6805573e-01   7.4478232e-02   4.4221421e-02
   4.4226587e-01   2.4942082e-01   1.6819019e-01   7.4483337e-02   4.4225404e-02
   4.4205963e-01   2.4942335e-01   1.6832476e-01   7.4488417e-02   4.4229318e-02
   4.4185348e-01   2.4942588e-01   1.6845943e-01   7.4493470e-02   4.4233166e-02
   4.4164743e-01   2.4942841e-01   1.6859421e-01   7.4498497e-02   4.4236946e-02
   4.4144147e-01   2.4943095e-01   1.6872911e-01   7.4503498e-02   4.4240659e-02
   4.4123562e-01   2.4943348e-01   1.6886410e-01   7.4508473e-02   4.4244305e-02
   4.4102985e-01   2.4943601e-01   1.6899921e-01   7.4513422e-02   4.4247885e-02
   4.4082418e-01   2.4943854e-01   1.6913443e-01   7.4518346e-02   4.4251398e-02
   4.4061861e-01   2.4944108e-01   1.6926975e-01   7.4523245e-02   4.4254845e-02
   4.4041314e-01   2.4944361e-01   1.6940518e-01   7.4528118e-02   4.4258226e-02
   4.4020776e-01   2.4944614e-01   1.6954072e-01   7.4532967e-02   4.4261541e-02
   4.4000248e-01   2.4944868e-01   1.6967637e-01   7.4537791e-02   4.4264790e-02
   4.3979729e-01   2.4945121e-01   1.6981213e-01   7.4542590e-02   4.4267974e-02
   4.3959220e-01   2.4945374e-01   1.6994799e-01   7.4547364e-02   4.4271093e-02
   4.3938720e-01   2.4945627e-01   1.7008396e-01   7.4552114e-02   4.4274146e-02
   4.3918230e-01   2.4945881e-01   1.7022005e-01   7.4556840e-02   4.4277135e-02
   4.3897749e-01   2.4946134e-01   1.7035624e-01   7.4561542e-02   4.4280058e-02
   4.3877278e-01   2.4946387e-01   1.7049254e-01   7.4566220e-02   4.4282918e-02
   4.3856817e-01   2.4946640e-01   1.7062895e-01   7.4570875e-02   4.4285713e-02
   4.3836365e-01   2.4946894e-01   1.7076547e-01   7.4575505e-02   4.4288443e-02
   4.3815922e-01   2.4947147e-01   1.7090210e-01   7.4580112e-02   4.4291110e-02
   4.3795490e-01   2.4947400e-01   1.7103883e-01   7.4584696e-02   4.4293713e-02
   4.3775066e-01   2.4947654e-01   1.7117568e-01   7.4589257e-02   4.4296253e-02
   4.3754653e-01   2.4947907e-01   1.7131263e-01   7.4593795e-02   4.4298729e-02
   4.3734248e-01   2.4948160e-01   1.7144970e-01   7.4598310e-02   4.4301142e-02
   4.3713853e-01   2.4948414e-01   1.7158688e-01   7.4602802e-02   4.4303492e-02
   4.3693468e-01   2.4948667e-01   1.7172416e-01   7.4607272e-02   4.4305779e-02
   4.3673093e-01   2.4948920e-01   1.7186156e-01   7.4611719e-02   4.4308003e-02
   4.3652726e-01   2.4949173e-01   1.7199906e-01   7.4616144e-02   4.4310165e-02
   4.3632370e-01   2.4949427e-01   1.7213667e-01   7.4620546e-02   4.4312264e-02
   4.3612022e-01   2.4949680e-01   1.7227440e-01   7.4624927e-02   4.4314302e-02
   4.3591685e-01   2.4949933e-01   1.7241223e-01   7.4629286e-02   4.4316277e-02
   4.3571356e-01   2.4950187e-01   1.7255018e-01   7.4633623e-02   4.4318191e-02
   4.3551037e-01   2.4950440e-01   1.7268823e-01   7.4637939e-02   4.4320043e-02
   4.3530728e-01   2.4950693e-01   1.7282640e-01   7.4642233e-02   4.4321834e-02
   4.3510428e-01   2.4950947e-01   1.7296468e-01   7.4646505e-02   4.4323564e-02
   4.3490138e-01   2.4951200e-01   1.7310306e-01   7.4650757e-02   4.4325232e-02
   4.3469857e-01   2.4951453e-01   1.7324156e-01   7.4654988e-02   4.4326840e-02
   4.3449586e-01   2.4951707e-01   1.7338017e-01   7.4659197e-02   4.4328387e-02
   4.3429324e-01   2.4951960e-01   1.7351889e-01   7.4663386e-02   4.4329874e-02
   4.3409071e-01   2.4952213e-01   1.7365772e-01   7.4667554e-02   4.4331300e-02
   4.3388828e-01   2.4952467e-01   1.7379666e-01   7.4671702e-02   4.4332666e-02
   4.3368594e-01   2.4952720e-01   1.7393571e-01   7.4675829e-02   4.4333973e-02
   4.3348370e-01   2.4952973e-01   1.7407488e-01   7.4679936e-02   4.4335219e-02
   4.3328155e-01   2.4953227e-01   1.7421415e-01   7.4684023e-02   4.4336406e-02
   4.3307950e-01   2.4953480e-01   1.7435354e-01   7.4688090e-02   4.4337534e-02
   4.3287754e-01   2.4953733e-01   1.7449304e-01   7.4692137e-02   4.4338602e-02
   4.3267567e-01   2.4953987e-01   1.7463265e-01   7.4696164e-02   4.4339611e-02
   4.3247390e-01   2.4954240e-01   1.7477237e-01   7.4700172e-02   4.4340561e-02
   4.3227222e-01   2.4954494e-01   1.7491220e-01   7.4704160e-02   4.4341453e-02
   4.3207064e-01   2.4954747e-01   1.7505214e-01   7.4708129e-02   4.4342286e-02
   4.3186915e-01   2.4955000e-01   1.7519220e-01   7.4712078e-02   4.4343061e-02
   4.3166776e-01   2.4955254e-01   1.7533237e-01   7.4716009e-02   4.4343777e-02
   4.3146646e-01   2.4955507e-01   1.7547265e-01   7.4719920e-02   4.4344436e-02
   4.3126525e-01   2.4955760e-01   1.7561304e-01   7.4723813e-02   4.4345036e-02
   4.3106414e-01   2.4956014e-01   1.7575355e-01   7.4727686e-02   4.4345579e-02
   4.3086312e-01   2.4956267e-01   1.7589417e-01   7.4731541e-02   4.4346065e-02
   4.3066219e-01   2.4956521e-01   1.7603490e-01   7.4735378e-02   4.4346493e-02
   4.3046136e-01   2.4956774e-01   1.7617574e-01   7.4739196e-02   4.4346864e-02
   4.3026062e-01   2.4957027e-01   1.7631670e-01   7.4742996e-02   4.4347178e-02
   4.3005997e-01   2.4957281e-01   1.7645776e-01   7.4746777e-02   4.4347435e-02
   4.2985942e-01   2.4957534e-01   1.7659895e-01   7.4750541e-02   4.4347635e-02
   4.2965896e-01   2.4957787e-01   1.7674024e-01   7.4754287e-02   4.4347779e-02
   4.2945860e-01   2.4958041e-01   1.7688165e-01   7.4758014e-02   4.4347867e-02
   4.2925833e-01   2.4958294e-01   1.7702317e-01   7.4761724e-02   4.4347898e-02
   4.2905815e-01   2.4958548e-01   1.7716480e-01   7.4765417e-02   4.4347874e-02
   4.2885807e-01   2.4958801e-01   1.7730655e-01   7.4769092e-02   4.4347794e-02
   4.2865808e-01   2.4959055e-01   1.7744841e-01   7.4772749e-02   4.4347658e-02
   4.2845818e-01   2.4959308e-01   1.7759038e-01   7.4776389e-02   4.4347466e-02
   4.2825837e-01   2.4959561e-01   1.7773247e-01   7.4780012e-02   4.4347220e-02
   4.2805866e-01   2.4959815e-01   1.7787467e-01   7.4783618e-02   4.4346918e-02
   4.2785904e-01   2.4960068e-01   1.7801699e-01   7.4787207e-02   4.4346561e-02
   4.2765952e-01   2.4960322e-01   1.7815941e-01   7.4790780e-02   4.4346149e-02
   4.2746009e-01   2.4960575e-01   1.7830196e-01   7.4794335e-02   4.4345683e-02
   4.2726075e-01   2.4960828e-01   1.7844461e-01   7.4797874e-02   4.4345162e-02
   4.2706150e-01   2.4961082e-01   1.7858738e-01   7.4801396e-02   4.4344587e-02
   4.2686235e-01   2.4961335e-01   1.7873027e-01   7.4804902e-02   4.4343958e-02
   4.2666329e-01   2.4961589e-01   1.7887327e-01   7.4808391e-02   4.4343274e-02
   4.2646432e-01   2.4961842e-01   1.7901638e-01   7.4811865e-02   4.4342537e-02
   4.2626545e-01   2.4962096e-01   1.7915961e-01   7.4815322e-02   4.4341746e-02
   4.2606666e-01   2.4962349e-01   1.7930295e-01   7.4818763e-02   4.4340902e-02
   4.2586798e-01   2.4962603e-01   1.7944641e-01   7.4822188e-02   4.4340004e-02
   4.2566938e-01   2.4962856e-01   1.7958998e-01   7.4825598e-02   4.4339053e-02
   4.2547088e-01   2.4963109e-01   1.7973367e-01   7.4828991e-02   4.4338049e-02
   4.2527246e-01   2.4963363e-01   1.7987747e-01   7.4832370e-02   4.4336993e-02
   4.2507414e-01   2.4963616e-01   1.8002139e-01   7.4835732e-02   4.4335883e-02
   4.2487592e-01   2.4963870e-01   1.8016542e-01   7.4839079e-02   4.4334721e-02
   4.2467778e-01   2.4964123e-01   1.8030957e-01   7.4842411e-02   4.4333507e-02
   4.2447974e-01   2.4964377e-01   1.8045383e-01   7.4845728e-02   4.4332240e-02
   4.2428179e-01   2.4964630e-01   1.8059821e-01   7.4849030e-02   4.4330921e-02
   4.2408394e-01   2.4964884e-01   1.8074270e-01   7.4852316e-02   4.4329550e-02
   4.2388617e-01   2.4965137e-01   1.8088731e-01   7.4855588e-02   4.4328128e-02
   4.2368850e-01   2.4965391e-01   1.8103204e-01   7.4858844e-02   4.4326654e-02
   4.2349092e-01   2.4965644e-01   1.8117688e-01   7.4862086e-02   4.4325128e-02
   4.2329343e-01   2.4965898e-01   1.8132183e-01   7.4865314e-02   4.4323551e-02
   4.2309604e-01   2.4966151e-01   1.8146691e-01   7.4868527e-02   4.4321923e-02
   4.2289873e-01   2.4966405e-01   1.8161210e-01   7.4871725e-02   4.4320244e-02
   4.2270152e-01   2.4966658e-01   1.8175740e-01   7.4874909e-02   4.4318514e-02
   4.2250440e-01   2.4966912e-01   1.8190282e-01   7.4878079e-02   4.4316734e-02
   4.2230737e-01   2.4967165e-01   1.8204836e-01   7.4881234e-02   4.4314902e-02
   4.2211044e-01   2.4967418e-01   1.8219401e-01   7.4884375e-02   4.4313021e-02
   4.2191359e-01   2.4967672e-01   1.8233978e-01   7.4887503e-02   4.4311089e-02
   4.2171684e-01   2.4967925e-01   1.8248567e-01   7.4890616e-02   4.4309107e-02
   4.2152018e-01   2.4968179e-01   1.8263167e-01   7.4893716e-02   4.4307076e-02
   4.2132361e-01   2.4968432e-01   1.8277779e-01   7.4896802e-02   4.4304994e-02
   4.2112713e-01   2.4968686e-01   1.8292403e-01   7.4899874e-02   4.4302863e-02
   4.2093075e-01   2.4968940e-01   1.8307039e-01   7.4902933e-02   4.4300683e-02
   4.2073445e-01   2.4969193e-01   1.8321686e-01   7.4905978e-02   4.4298453e-02
   4.2053825e-01   2.4969447e-01   1.8336345e-01   7.4909009e-02   4.4296174e-02
   4.2034214e-01   2.4969700e-01   1.8351015e-01   7.4912028e-02   4.4293846e-02
   4.2014612e-01   2.4969954e-01   1.8365697e-01   7.4915033e-02   4.4291469e-02
   4.1995019e-01   2.4970207e-01   1.8380392e-01   7.4918025e-02   4.4289043e-02
   4.1975435e-01   2.4970461e-01   1.8395097e-01   7.4921004e-02   4.4286569e-02
   4.1955861e-01   2.4970714e-01   1.8409815e-01   7.4923970e-02   4.4284046e-02
   4.1936295e-01   2.4970968e-01   1.8424544e-01   7.4926923e-02   4.4281475e-02
   4.1916739e-01   2.4971221e-01   1.8439286e-01   7.4929864e-02   4.4278856e-02
   4.1897192e-01   2.4971475e-01   1.8454038e-01   7.4932791e-02   4.4276189e-02
   4.1877654e-01   2.4971728e-01   1.8468803e-01   7.4935706e-02   4.4273474e-02
   4.1858125e-01   2.4971982e-01   1.8483580e-01   7.4938608e-02   4.4270712e-02
   4.1838605e-01   2.4972235e-01   1.8498368e-01   7.4941498e-02   4.4267902e-02
   4.1819094e-01   2.4972489e-01   1.8513168e-01   7.4944376e-02   4.4265044e-02
   4.1799593e-01   2.4972742e-01   1.8527980e-01   7.4947241e-02   4.4262139e-02
   4.1780100e-01   2.4972996e-01   1.8542804e-01   7.4950093e-02   4.4259188e-02
   4.1760617e-01   2.4973250e-01   1.8557640e-01   7.4952934e-02   4.4256189e-02
   4.1741142e-01   2.4973503e-01   1.8572488e-01   7.4955763e-02   4.4253143e-02
   4.1721677e-01   2.4973757e-01   1.8587347e-01   7.4958579e-02   4.4250051e-02
   4.1702221e-01   2.4974010e-01   1.8602219e-01   7.4961384e-02   4.4246912e-02
   4.1682773e-01   2.4974264e-01   1.8617102e-01   7.4964176e-02   4.4243727e-02
   4.1663335e-01   2.4974517e-01   1.8631997e-01   7.4966957e-02   4.4240495e-02
   4.1643906e-01   2.4974771e-01   1.8646904e-01   7.4969726e-02   4.4237218e-02
   4.1624486e-01   2.4975025e-01   1.8661823e-01   7.4972484e-02   4.4233894e-02
   4.1605076e-01   2.4975278e-01   1.8676754e-01   7.4975230e-02   4.4230525e-02
   4.1585674e-01   2.4975532e-01   1.8691697e-01   7.4977964e-02   4.4227110e-02
   4.1566281e-01   2.4975785e-01   1.8706652e-01   7.4980687e-02   4.4223649e-02
   4.1546897e-01   2.4976039e-01   1.8721619e-01   7.4983399e-02   4.4220143e-02
   4.1527522e-01   2.4976292e-01   1.8736598e-01   7.4986099e-02   4.4216592e-02
   4.1508157e-01   2.4976546e-01   1.8751589e-01   7.4988788e-02   4.4212995e-02
   4.1488800e-01   2.4976800e-01   1.8766592e-01   7.4991466e-02   4.4209354e-02
   4.1469452e-01   2.4977053e-01   1.8781606e-01   7.4994133e-02   4.4205668e-02
   4.1450114e-01   2.4977307e-01   1.8796633e-01   7.4996789e-02   4.4201937e-02
   4.1430784e-01   2.4977560e-01   1.8811672e-01   7.4999434e-02   4.4198162e-02
   4.1411464e-01   2.4977814e-01   1.8826723e-01   7.5002068e-02   4.4194342e-02
   4.1392152e-01   2.4978068e-01   1.8841786e-01   7.5004691e-02   4.4190477e-02
   4.1372850e-01   2.4978321e-01   1.8856861e-01   7.5007304e-02   4.4186569e-02
   4.1353556e-01   2.4978575e-01   1.8871948e-01   7.5009906e-02   4.4182617e-02
   4.1334271e-01   2.4978828e-01   1.8887047e-01   7.5012497e-02   4.4178621e-02
   4.1314996e-01   2.4979082e-01   1.8902158e-01   7.5015078e-02   4.4174581e-02
   4.1295729e-01   2.4979336e-01   1.8917281e-01   7.5017648e-02   4.4170497e-02
   4.1276472e-01   2.4979589e-01   1.8932417e-01   7.5020208e-02   4.4166370e-02
   4.1257223e-01   2.4979843e-01   1.8947564e-01   7.5022758e-02   4.4162200e-02
   4.1237983e-01   2.4980097e-01   1.8962724e-01   7.5025297e-02   4.4157986e-02
   4.1218753e-01   2.4980350e-01   1.8977896e-01   7.5027826e-02   4.4153729e-02
   4.1199531e-01   2.4980604e-01   1.8993079e-01   7.5030345e-02   4.4149430e-02
   4.1180318e-01   2.4980857e-01   1.9008275e-01   7.5032854e-02   4.4145087e-02
   4.1161115e-01   2.4981111e-01   1.9023484e-01   7.5035353e-02   4.4140702e-02
   4.1141920e-01   2.4981365e-01   1.9038704e-01   7.5037842e-02   4.4136275e-02
   4.1122734e-01   2.4981618e-01   1.9053937e-01   7.5040321e-02   4.4131805e-02
   4.1103557e-01   2.4981872e-01   1.9069181e-01   7.5042791e-02   4.4127292e-02
   4.1084389e-01   2.4982126e-01   1.9084438e-01   7.5045250e-02   4.4122738e-02
   4.1065230e-01   2.4982379e-01   1.9099707e-01   7.5047700e-02   4.4118141e-02
   4.1046080e-01   2.4982633e-01   1.9114989e-01   7.5050141e-02   4.4113503e-02
   4.1026939e-01   2.4982887e-01   1.9130282e-01   7.5052571e-02   4.4108823e-02
   4.1007807e-01   2.4983140e-01   1.9145588e-01   7.5054992e-02   4.4104101e-02
   4.0988683e-01   2.4983394e-01   1.9160906e-01   7.5057404e-02   4.4099338e-02
   4.0969569e-01   2.4983648e-01   1.9176236e-01   7.5059807e-02   4.4094534e-02
   4.0950463e-01   2.4983901e-01   1.9191579e-01   7.5062200e-02   4.4089688e-02
   4.0931367e-01   2.4984155e-01   1.9206934e-01   7.5064583e-02   4.4084801e-02
   4.0912279e-01   2.4984409e-01   1.9222301e-01   7.5066958e-02   4.4079873e-02
   4.0893200e-01   2.4984662e-01   1.9237680e-01   7.5069323e-02   4.4074905e-02
   4.0874130e-01   2.4984916e-01   1.9253072e-01   7.5071680e-02   4.4069895e-02
   4.0855069e-01   2.4985170e-01   1.9268476e-01   7.5074027e-02   4.4064845e-02
   4.0836017e-01   2.4985423e-01   1.9283892e-01   7.5076365e-02   4.4059755e-02
   4.0816974e-01   2.4985677e-01   1.9299321e-01   7.5078695e-02   4.4054624e-02
   4.0797940e-01   2.4985931e-01   1.9314762e-01   7.5081015e-02   4.4049453e-02
   4.0778914e-01   2.4986184e-01   1.9330215e-01   7.5083327e-02   4.4044242e-02
   4.0759898e-01   2.4986438e-01   1.9345681e-01   7.5085630e-02   4.4038992e-02
   4.0740890e-01   2.4986692e-01   1.9361159e-01   7.5087924e-02   4.4033701e-02
   4.0721891e-01   2.4986945e-01   1.9376650e-01   7.5090210e-02   4.4028370e-02
   4.0702901e-01   2.4987199e-01   1.9392153e-01   7.5092487e-02   4.4023000e-02
   4.0683920e-01   2.4987453e-01   1.9407668e-01   7.5094755e-02   4.4017591e-02
   4.0664948e-01   2.4987706e-01   1.9423196e-01   7.5097015e-02   4.4012142e-02
   4.0645984e-01   2.4987960e-01   1.9438736e-01   7.5099267e-02   4.4006654e-02
   4.0627030e-01   2.4988214e-01   1.9454288e-01   7.5101510e-02   4.4001127e-02
   4.0608084e-01   2.4988468e-01   1.9469853e-01   7.5103745e-02   4.3995561e-02
   4.0589147e-01   2.4988721e-01   1.9485431e-01   7.5105972e-02   4.3989956e-02
   4.0570219e-01   2.4988975e-01   1.9501021e-01   7.5108190e-02   4.3984313e-02
   4.0551300e-01   2.4989229e-01   1.9516623e-01   7.5110401e-02   4.3978630e-02
   4.0532389e-01   2.4989482e-01   1.9532238e-01   7.5112603e-02   4.3972910e-02
   4.0513488e-01   2.4989736e-01   1.9547865e-01   7.5114797e-02   4.3967151e-02
   4.0494595e-01   2.4989990e-01   1.9563505e-01   7.5116983e-02   4.3961354e-02
   4.0475711e-01   2.4990244e-01   1.9579158e-01   7.5119161e-02   4.3955518e-02
   4.0456836e-01   2.4990497e-01   1.9594823e-01   7.5121331e-02   4.3949645e-02
   4.0437969e-01   2.4990751e-01   1.9610500e-01   7.5123494e-02   4.3943734e-02
   4.0419112e-01   2.4991005e-01   1.9626190e-01   7.5125648e-02   4.3937785e-02
   4.0400263e-01   2.4991259e-01   1.9641893e-01   7.5127795e-02   4.3931799e-02
   4.0381423e-01   2.4991512e-01   1.9657608e-01   7.5129934e-02   4.3925775e-02
   4.0362592e-01   2.4991766e-01   1.9673335e-01   7.5132066e-02   4.3919714e-02
   4.0343769e-01   2.4992020e-01   1.9689076e-01   7.5134190e-02   4.3913615e-02
   4.0324956e-01   2.4992273e-01   1.9704829e-01   7.5136306e-02   4.3907480e-02
   4.0306151e-01   2.4992527e-01   1.9720594e-01   7.5138415e-02   4.3901307e-02
   4.0287355e-01   2.4992781e-01   1.9736372e-01   7.5140516e-02   4.3895097e-02
   4.0268567e-01   2.4993035e-01   1.9752163e-01   7.5142610e-02   4.3888851e-02
   4.0249789e-01   2.4993288e-01   1.9767966e-01   7.5144697e-02   4.3882568e-02
   4.0231019e-01   2.4993542e-01   1.9783782e-01   7.5146776e-02   4.3876248e-02
   4.0212258e-01   2.4993796e-01   1.9799611e-01   7.5148848e-02   4.3869892e-02
   4.0193505e-01   2.4994050e-01   1.9815452e-01   7.5150913e-02   4.3863500e-02
   4.0174762e-01   2.4994304e-01   1.9831306e-01   7.5152970e-02   4.3857072e-02
   4.0156027e-01   2.4994557e-01   1.9847173e-01   7.5155021e-02   4.3850607e-02
   4.0137301e-01   2.4994811e-01   1.9863052e-01   7.5157064e-02   4.3844106e-02
   4.0118584e-01   2.4995065e-01   1.9878944e-01   7.5159100e-02   4.3837570e-02
   4.0099875e-01   2.4995319e-01   1.9894849e-01   7.5161129e-02   4.3830998e-02
   4.0081175e-01   2.4995572e-01   1.9910766e-01   7.5163152e-02   4.3824390e-02
   4.0062484e-01   2.4995826e-01   1.9926697e-01   7.5165167e-02   4.3817747e-02
   4.0043801e-01   2.4996080e-01   1.9942640e-01   7.5167176e-02   4.3811068e-02
   4.0025128e-01   2.4996334e-01   1.9958595e-01   7.5169177e-02   4.3804354e-02
   4.0006462e-01   2.4996588e-01   1.9974564e-01   7.5171172e-02   4.3797605e-02
   3.9987806e-01   2.4996841e-01   1.9990545e-01   7.5173160e-02   4.3790821e-02
   3.9969158e-01   2.4997095e-01   2.0006539e-01   7.5175142e-02   4.3784002e-02
   3.9950519e-01   2.4997349e-01   2.0022546e-01   7.5177117e-02   4.3777148e-02
   3.9931889e-01   2.4997603e-01   2.0038566e-01   7.5179085e-02   4.3770260e-02
   3.9913268e-01   2.4997857e-01   2.0054598e-01   7.5181046e-02   4.3763337e-02
   3.9894655e-01   2.4998110e-01   2.0070643e-01   7.5183002e-02   4.3756379e-02
   3.9876050e-01   2.4998364e-01   2.0086702e-01   7.5184950e-02   4.3749387e-02
   3.9857455e-01   2.4998618e-01   2.0102773e-01   7.5186892e-02   4.3742361e-02
   3.9838868e-01   2.4998872e-01   2.0118856e-01   7.5188828e-02   4.3735300e-02
   3.9820290e-01   2.4999126e-01   2.0134953e-01   7.5190757e-02   4.3728206e-02
   3.9801720e-01   2.4999379e-01   2.0151063e-01   7.5192680e-02   4.3721077e-02
   3.9783159e-01   2.4999633e-01   2.0167185e-01   7.5194597e-02   4.3713915e-02
   3.9764607e-01   2.4999887e-01   2.0183321e-01   7.5196508e-02   4.3706719e-02
   3.9746064e-01   2.5000141e-01   2.0199469e-01   7.5198412e-02   4.3699490e-02
   3.9727529e-01   2.5000395e-01   2.0215630e-01   7.5200310e-02   4.3692227e-02
   3.9709002e-01   2.5000649e-01   2.0231804e-01   7.5202202e-02   4.3684930e-02
   3.9690485e-01   2.5000902e-01   2.0247991e-01   7.5204088e-02   4.3677601e-02
   3.9671976e-01   2.5001156e-01   2.0264191e-01   7.5205968e-02   4.3670238e-02
   3.9653475e-01   2.5001410e-01   2.0280404e-01   7.5207842e-02   4.3662842e-02
   3.9634984e-01   2.5001664e-01   2.0296630e-01   7.5209710e-02   4.3655413e-02
   3.9616501e-01   2.5001918e-01   2.0312869e-01   7.5211572e-02   4.3647951e-02
   3.9598026e-01   2.5002172e-01   2.0329121e-01   7.5213428e-02   4.3640457e-02
   3.9579560e-01   2.5002425e-01   2.0345386e-01   7.5215278e-02   4.3632930e-02
   3.9561103e-01   2.5002679e-01   2.0361664e-01   7.5217122e-02   4.3625370e-02
   3.9542654e-01   2.5002933e-01   2.0377955e-01   7.5218961e-02   4.3617779e-02
   3.9524214e-01   2.5003187e-01   2.0394259e-01   7.5220794e-02   4.3610154e-02
   3.9505783e-01   2.5003441e-01   2.0410576e-01   7.5222621e-02   4.3602498e-02
   3.9487360e-01   2.5003695e-01   2.0426906e-01   7.5224442e-02   4.3594809e-02
   3.9468945e-01   2.5003949e-01   2.0443250e-01   7.5226258e-02   4.3587089e-02
   3.9450540e-01   2.5004202e-01   2.0459606e-01   7.5228068e-02   4.3579336e-02
   3.9432143e-01   2.5004456e-01   2.0475975e-01   7.5229873e-02   4.3571552e-02
   3.9413754e-01   2.5004710e-01   2.0492358e-01   7.5231672e-02   4.3563736e-02
   3.9395374e-01   2.5004964e-01   2.0508753e-01   7.5233465e-02   4.3555889e-02
   3.9377003e-01   2.5005218e-01   2.0525162e-01   7.5235254e-02   4.3548010e-02
   3.9358640e-01   2.5005472e-01   2.0541584e-01   7.5237036e-02   4.3540100e-02
   3.9340286e-01   2.5005726e-01   2.0558019e-01   7.5238814e-02   4.3532158e-02
   3.9321940e-01   2.5005980e-01   2.0574467e-01   7.5240586e-02   4.3524186e-02
   3.9303603e-01   2.5006234e-01   2.0590928e-01   7.5242352e-02   4.3516182e-02
   3.9285274e-01   2.5006487e-01   2.0607402e-01   7.5244114e-02   4.3508147e-02
