   0.0000000e+00   9.9982792e-01   4.4208186e-05   4.1633574e-04   0.0000000e+00
   9.1290685e-03   9.7293335e-01   1.5244643e-02   3.3856248e-03   0.0000000e+00
   1.8226732e-02   9.4730842e-01   2.9479838e-02   6.2514304e-03   0.0000000e+00
   2.6983277e-02   9.2289221e-01   4.2810809e-02   9.0175062e-03   0.0000000e+00
   3.5411534e-02   8.9962669e-01   5.5294710e-02   1.1687470e-02   0.0000000e+00
   4.3523853e-02   8.7745663e-01   6.6985086e-02   1.4264808e-02   0.0000000e+00
   5.1332115e-02   8.5632946e-01   7.7932095e-02   1.6752880e-02   1.4366820e-04
   5.8847760e-02   8.3619513e-01   8.8182727e-02   1.9154926e-02   4.0559969e-04
   6.6081792e-02   8.1700598e-01   9.7781000e-02   2.1474066e-02   6.6726925e-04
   7.3044806e-02   7.9871665e-01   1.0676815e-01   2.3713309e-02   9.2867722e-04
   7.9746995e-02   7.8128396e-01   1.1518281e-01   2.5875554e-02   1.1898239e-03
   8.6198170e-02   7.6466680e-01   1.2306116e-01   2.7963596e-02   1.4507097e-03
   9.2407774e-02   7.4882603e-01   1.3043711e-01   2.9980127e-02   1.7113348e-03
   9.8384892e-02   7.3372439e-01   1.3734241e-01   3.1927743e-02   1.9716996e-03
   1.0413827e-01   7.1932643e-01   1.4380681e-01   3.3808946e-02   2.2318045e-03
   1.0967632e-01   7.0559836e-01   1.4985819e-01   3.5626147e-02   2.4916497e-03
   1.1500715e-01   6.9250805e-01   1.5552265e-01   3.7381669e-02   2.7512356e-03
   1.2013855e-01   6.8002490e-01   1.6082465e-01   3.9077752e-02   3.0105625e-03
   1.2507801e-01   6.6811977e-01   1.6578710e-01   4.0716555e-02   3.2696308e-03
   1.2983277e-01   6.5676494e-01   1.7043147e-01   4.2300157e-02   3.5284407e-03
   1.3440977e-01   6.4593400e-01   1.7477786e-01   4.3830563e-02   3.7869926e-03
   1.3881569e-01   6.3560182e-01   1.7884511e-01   4.5309707e-02   4.0452868e-03
   1.4305697e-01   6.2574447e-01   1.8265086e-01   4.6739450e-02   4.3033236e-03
   1.4713981e-01   6.1633917e-01   1.8621165e-01   4.8121586e-02   4.5611033e-03
   1.5107016e-01   6.0736425e-01   1.8954296e-01   4.9457847e-02   4.8186264e-03
   1.5485375e-01   5.9879905e-01   1.9265929e-01   5.0749899e-02   5.0758930e-03
   1.5849612e-01   5.9062393e-01   1.9557424e-01   5.1999349e-02   5.3329035e-03
   1.6200256e-01   5.8282018e-01   1.9830054e-01   5.3207746e-02   5.5896583e-03
   1.6537820e-01   5.7536999e-01   2.0085010e-01   5.4376582e-02   5.8461576e-03
   1.6862795e-01   5.6825640e-01   2.0323412e-01   5.5507296e-02   6.1024018e-03
   1.7175655e-01   5.6146327e-01   2.0546304e-01   5.6601275e-02   6.3583911e-03
   1.7476856e-01   5.5497524e-01   2.0754668e-01   5.7659854e-02   6.6141260e-03
   1.7766836e-01   5.4877768e-01   2.0949421e-01   5.8684321e-02   6.8696067e-03
   1.8046017e-01   5.4285666e-01   2.1131425e-01   5.9675918e-02   7.1248336e-03
   1.8314806e-01   5.3719893e-01   2.1301485e-01   6.0635841e-02   7.3798069e-03
   1.8573593e-01   5.3179186e-01   2.1460357e-01   6.1565243e-02   7.6345270e-03
   1.8822755e-01   5.2662345e-01   2.1608748e-01   6.2465235e-02   7.8889942e-03
   1.9062653e-01   5.2168225e-01   2.1747320e-01   6.3336889e-02   8.1432089e-03
   1.9293637e-01   5.1695738e-01   2.1876694e-01   6.4181235e-02   8.3971712e-03
   1.9516041e-01   5.1243847e-01   2.1997451e-01   6.4999269e-02   8.6508816e-03
   1.9730188e-01   5.0811565e-01   2.2110137e-01   6.5791950e-02   8.9043404e-03
   1.9936389e-01   5.0397953e-01   2.2215262e-01   6.6560203e-02   9.1575479e-03
   2.0134942e-01   5.0002117e-01   2.2313304e-01   6.7304916e-02   9.4105043e-03
   2.0326136e-01   4.9623204e-01   2.2404710e-01   6.8026950e-02   9.6632101e-03
   2.0510247e-01   4.9260406e-01   2.2489901e-01   6.8727130e-02   9.9156655e-03
   2.0687542e-01   4.8912949e-01   2.2569269e-01   6.9406255e-02   1.0167871e-02
   2.0858277e-01   4.8580100e-01   2.2643182e-01   7.0065093e-02   1.0419826e-02
   2.1022698e-01   4.8261159e-01   2.2711986e-01   7.0704385e-02   1.0671533e-02
   2.1181044e-01   4.7955461e-01   2.2776003e-01   7.1324843e-02   1.0922990e-02
   2.1333542e-01   4.7662372e-01   2.2835536e-01   7.1927157e-02   1.1174198e-02
   2.1480413e-01   4.7381289e-01   2.2890868e-01   7.2511990e-02   1.1425157e-02
   2.1621869e-01   4.7111637e-01   2.2942266e-01   7.3079980e-02   1.1675869e-02
   2.1758113e-01   4.6852869e-01   2.2989978e-01   7.3631743e-02   1.1926333e-02
   2.1889340e-01   4.6604465e-01   2.3034238e-01   7.4167873e-02   1.2176549e-02
   2.2015741e-01   4.6365930e-01   2.3075263e-01   7.4688943e-02   1.2426517e-02
   2.2137496e-01   4.6136792e-01   2.3113258e-01   7.5195502e-02   1.2676239e-02
   2.2254781e-01   4.5916601e-01   2.3148415e-01   7.5688084e-02   1.2925715e-02
   2.2367763e-01   4.5704930e-01   2.3180913e-01   7.6167200e-02   1.3174944e-02
   2.2476604e-01   4.5501373e-01   2.3210921e-01   7.6633343e-02   1.3423926e-02
   2.2581460e-01   4.5305541e-01   2.3238596e-01   7.7086991e-02   1.3672664e-02
   2.2682481e-01   4.5117066e-01   2.3264085e-01   7.7528600e-02   1.3921155e-02
   2.2779811e-01   4.4935597e-01   2.3287527e-01   7.7958613e-02   1.4169402e-02
   2.2873589e-01   4.4760799e-01   2.3309052e-01   7.8377457e-02   1.4417404e-02
   2.2963948e-01   4.4592354e-01   2.3328781e-01   7.8785541e-02   1.4665161e-02
   2.3051018e-01   4.4429960e-01   2.3346827e-01   7.9183261e-02   1.4912675e-02
   2.3134922e-01   4.4273327e-01   2.3363297e-01   7.9571000e-02   1.5159944e-02
   2.3215779e-01   4.4122182e-01   2.3378290e-01   7.9949123e-02   1.5406970e-02
   2.3293704e-01   4.3976263e-01   2.3391901e-01   8.0317986e-02   1.5653753e-02
   2.3368806e-01   4.3835320e-01   2.3404216e-01   8.0677930e-02   1.5900292e-02
   2.3441193e-01   4.3699118e-01   2.3415318e-01   8.1029284e-02   1.6146589e-02
   2.3510966e-01   4.3567431e-01   2.3425284e-01   8.1372365e-02   1.6392644e-02
   2.3578224e-01   4.3440043e-01   2.3434185e-01   8.1707478e-02   1.6638457e-02
   2.3643061e-01   4.3316751e-01   2.3442089e-01   8.2034920e-02   1.6884027e-02
   2.3705568e-01   4.3197360e-01   2.3449058e-01   8.2354973e-02   1.7129357e-02
   2.3765834e-01   4.3081685e-01   2.3455153e-01   8.2667910e-02   1.7374445e-02
   2.3823941e-01   4.2969549e-01   2.3460429e-01   8.2973997e-02   1.7619293e-02
   2.3879973e-01   4.2860784e-01   2.3464937e-01   8.3273487e-02   1.7863900e-02
   2.3934005e-01   4.2755232e-01   2.3468726e-01   8.3566625e-02   1.8108267e-02
   2.3986115e-01   4.2652739e-01   2.3471842e-01   8.3853648e-02   1.8352393e-02
   2.4036374e-01   4.2553160e-01   2.3474327e-01   8.4134782e-02   1.8596281e-02
   2.4084851e-01   4.2456359e-01   2.3476222e-01   8.4410248e-02   1.8839929e-02
   2.4131615e-01   4.2362203e-01   2.3477564e-01   8.4680256e-02   1.9083338e-02
   2.4176728e-01   4.2270567e-01   2.3478387e-01   8.4945011e-02   1.9326508e-02
   2.4220254e-01   4.2181334e-01   2.3478726e-01   8.5204710e-02   1.9569440e-02
   2.4262252e-01   4.2094388e-01   2.3478610e-01   8.5459540e-02   1.9812133e-02
   2.4302780e-01   4.2009624e-01   2.3478068e-01   8.5709685e-02   2.0054589e-02
   2.4341892e-01   4.1926937e-01   2.3477128e-01   8.5955321e-02   2.0296808e-02
   2.4379643e-01   4.1846230e-01   2.3475815e-01   8.6196617e-02   2.0538789e-02
   2.4416083e-01   4.1767410e-01   2.3474152e-01   8.6433737e-02   2.0780533e-02
   2.4451261e-01   4.1690389e-01   2.3472162e-01   8.6666838e-02   2.1022041e-02
   2.4485226e-01   4.1615083e-01   2.3469865e-01   8.6896072e-02   2.1263312e-02
   2.4518023e-01   4.1541410e-01   2.3467282e-01   8.7121584e-02   2.1504347e-02
   2.4549695e-01   4.1469295e-01   2.3464429e-01   8.7343517e-02   2.1745147e-02
   2.4580285e-01   4.1398664e-01   2.3461326e-01   8.7562006e-02   2.1985711e-02
   2.4609834e-01   4.1329449e-01   2.3457986e-01   8.7777182e-02   2.2226040e-02
   2.4638381e-01   4.1261584e-01   2.3454426e-01   8.7989171e-02   2.2466134e-02
   2.4665964e-01   4.1195006e-01   2.3450660e-01   8.8198095e-02   2.2705993e-02
   2.4692619e-01   4.1129654e-01   2.3446700e-01   8.8404071e-02   2.2945619e-02
   2.4718380e-01   4.1065473e-01   2.3442560e-01   8.8607212e-02   2.3185010e-02
   2.4743282e-01   4.1002408e-01   2.3438250e-01   8.8807628e-02   2.3424168e-02
   2.4767357e-01   4.0940407e-01   2.3433781e-01   8.9005423e-02   2.3663092e-02
   2.4790636e-01   4.0879422e-01   2.3429164e-01   8.9200698e-02   2.3901783e-02
   2.4813148e-01   4.0819406e-01   2.3424408e-01   8.9393551e-02   2.4140242e-02
   2.4834924e-01   4.0760313e-01   2.3419522e-01   8.9584077e-02   2.4378468e-02
   2.4855989e-01   4.0702102e-01   2.3414515e-01   8.9772365e-02   2.4616461e-02
   2.4876372e-01   4.0644733e-01   2.3409393e-01   8.9958503e-02   2.4854223e-02
   2.4896098e-01   4.0588167e-01   2.3404165e-01   9.0142576e-02   2.5091753e-02
   2.4915191e-01   4.0532367e-01   2.3398838e-01   9.0324664e-02   2.5329052e-02
   2.4933676e-01   4.0477299e-01   2.3393417e-01   9.0504846e-02   2.5566120e-02
   2.4951575e-01   4.0422930e-01   2.3387909e-01   9.0683197e-02   2.5802957e-02
   2.4968911e-01   4.0369228e-01   2.3382319e-01   9.0859790e-02   2.6039564e-02
   2.4985704e-01   4.0316162e-01   2.3376653e-01   9.1034695e-02   2.6275941e-02
   2.5001974e-01   4.0263705e-01   2.3370916e-01   9.1207979e-02   2.6512087e-02
   2.5017743e-01   4.0211829e-01   2.3365112e-01   9.1379708e-02   2.6748004e-02
   2.5033028e-01   4.0160509e-01   2.3359246e-01   9.1549944e-02   2.6983692e-02
   2.5047848e-01   4.0109719e-01   2.3353321e-01   9.1718748e-02   2.7219151e-02
   2.5062220e-01   4.0059436e-01   2.3347342e-01   9.1886178e-02   2.7454381e-02
   2.5076161e-01   4.0009639e-01   2.3341312e-01   9.2052291e-02   2.7689382e-02
   2.5089687e-01   3.9960304e-01   2.3335234e-01   9.2217140e-02   2.7924156e-02
   2.5102815e-01   3.9911413e-01   2.3329112e-01   9.2380777e-02   2.8158701e-02
   2.5115558e-01   3.9862945e-01   2.3322949e-01   9.2543254e-02   2.8393020e-02
   2.5127932e-01   3.9814884e-01   2.3316746e-01   9.2704619e-02   2.8627110e-02
   2.5139950e-01   3.9767210e-01   2.3310508e-01   9.2864918e-02   2.8860974e-02
   2.5151626e-01   3.9719907e-01   2.3304235e-01   9.3024196e-02   2.9094611e-02
   2.5162972e-01   3.9672960e-01   2.3297931e-01   9.3182498e-02   2.9328022e-02
   2.5174001e-01   3.9626354e-01   2.3291598e-01   9.3339864e-02   2.9561206e-02
   2.5184725e-01   3.9580074e-01   2.3285237e-01   9.3496335e-02   2.9794165e-02
   2.5195156e-01   3.9534105e-01   2.3278851e-01   9.3651951e-02   3.0026898e-02
   2.5205304e-01   3.9488437e-01   2.3272441e-01   9.3806749e-02   3.0259406e-02
   2.5215181e-01   3.9443055e-01   2.3266009e-01   9.3960764e-02   3.0491688e-02
   2.5224795e-01   3.9397948e-01   2.3259556e-01   9.4114032e-02   3.0723746e-02
   2.5234158e-01   3.9353105e-01   2.3253084e-01   9.4266587e-02   3.0955580e-02
   2.5243279e-01   3.9308515e-01   2.3246594e-01   9.4418461e-02   3.1187189e-02
   2.5252166e-01   3.9264168e-01   2.3240087e-01   9.4569684e-02   3.1418575e-02
   2.5260829e-01   3.9220055e-01   2.3233565e-01   9.4720288e-02   3.1649737e-02
   2.5269276e-01   3.9176165e-01   2.3227029e-01   9.4870302e-02   3.1880676e-02
   2.5277516e-01   3.9132490e-01   2.3220479e-01   9.5019752e-02   3.2111391e-02
   2.5285555e-01   3.9089023e-01   2.3213917e-01   9.5168667e-02   3.2341884e-02
   2.5293402e-01   3.9045754e-01   2.3207343e-01   9.5317073e-02   3.2572155e-02
   2.5301063e-01   3.9002676e-01   2.3200759e-01   9.5464994e-02   3.2802203e-02
   2.5308547e-01   3.8959782e-01   2.3194165e-01   9.5612454e-02   3.3032029e-02
   2.5315859e-01   3.8917065e-01   2.3187562e-01   9.5759478e-02   3.3261634e-02
   2.5323006e-01   3.8874519e-01   2.3180950e-01   9.5906087e-02   3.3491017e-02
   2.5329994e-01   3.8832137e-01   2.3174331e-01   9.6052303e-02   3.3720180e-02
   2.5336829e-01   3.8789914e-01   2.3167705e-01   9.6198148e-02   3.3949121e-02
   2.5343517e-01   3.8747842e-01   2.3161072e-01   9.6343640e-02   3.4177842e-02
   2.5350064e-01   3.8705919e-01   2.3154433e-01   9.6488801e-02   3.4406343e-02
   2.5356474e-01   3.8664137e-01   2.3147789e-01   9.6633648e-02   3.4634624e-02
   2.5362754e-01   3.8622492e-01   2.3141140e-01   9.6778199e-02   3.4862685e-02
   2.5368907e-01   3.8580980e-01   2.3134486e-01   9.6922472e-02   3.5090527e-02
   2.5374939e-01   3.8539596e-01   2.3127828e-01   9.7066485e-02   3.5318149e-02
   2.5380854e-01   3.8498336e-01   2.3121166e-01   9.7210252e-02   3.5545553e-02
   2.5386657e-01   3.8457196e-01   2.3114501e-01   9.7353790e-02   3.5772738e-02
   2.5392352e-01   3.8416171e-01   2.3107832e-01   9.7497114e-02   3.5999705e-02
   2.5397943e-01   3.8375259e-01   2.3101161e-01   9.7640238e-02   3.6226454e-02
   2.5403433e-01   3.8334456e-01   2.3094488e-01   9.7783176e-02   3.6452985e-02
   2.5408827e-01   3.8293758e-01   2.3087812e-01   9.7925942e-02   3.6679299e-02
   2.5414129e-01   3.8253163e-01   2.3081134e-01   9.8068549e-02   3.6905395e-02
   2.5419341e-01   3.8212667e-01   2.3074455e-01   9.8211009e-02   3.7131275e-02
   2.5424467e-01   3.8172268e-01   2.3067774e-01   9.8353335e-02   3.7356938e-02
   2.5429511e-01   3.8131962e-01   2.3061092e-01   9.8495538e-02   3.7582384e-02
   2.5434476e-01   3.8091747e-01   2.3054409e-01   9.8637630e-02   3.7807615e-02
   2.5439363e-01   3.8051621e-01   2.3047725e-01   9.8779621e-02   3.8032629e-02
   2.5444178e-01   3.8011582e-01   2.3041041e-01   9.8921522e-02   3.8257428e-02
   2.5448921e-01   3.7971626e-01   2.3034356e-01   9.9063344e-02   3.8482012e-02
   2.5453597e-01   3.7931753e-01   2.3027670e-01   9.9205095e-02   3.8706381e-02
   2.5458206e-01   3.7891959e-01   2.3020985e-01   9.9346785e-02   3.8930535e-02
   2.5462753e-01   3.7852243e-01   2.3014299e-01   9.9488424e-02   3.9154474e-02
   2.5467239e-01   3.7812603e-01   2.3007614e-01   9.9630020e-02   3.9378199e-02
   2.5471667e-01   3.7773038e-01   2.3000928e-01   9.9771582e-02   3.9601711e-02
   2.5476038e-01   3.7733545e-01   2.2994243e-01   9.9913118e-02   3.9825008e-02
   2.5480355e-01   3.7694123e-01   2.2987559e-01   1.0005464e-01   4.0048093e-02
   2.5484621e-01   3.7654771e-01   2.2980874e-01   1.0019614e-01   4.0270964e-02
   2.5488836e-01   3.7615486e-01   2.2974191e-01   1.0033764e-01   4.0493622e-02
   2.5493003e-01   3.7576269e-01   2.2967508e-01   1.0047915e-01   4.0716068e-02
   2.5497124e-01   3.7537116e-01   2.2960826e-01   1.0062067e-01   4.0938301e-02
   2.5501200e-01   3.7498028e-01   2.2954145e-01   1.0076220e-01   4.1160323e-02
   2.5505234e-01   3.7459002e-01   2.2947464e-01   1.0090376e-01   4.1382132e-02
   2.5509226e-01   3.7420038e-01   2.2940785e-01   1.0104535e-01   4.1603731e-02
   2.5513178e-01   3.7381135e-01   2.2934106e-01   1.0118697e-01   4.1825117e-02
   2.5517093e-01   3.7342291e-01   2.2927429e-01   1.0132864e-01   4.2046293e-02
   2.5520970e-01   3.7303506e-01   2.2920753e-01   1.0147035e-01   4.2267258e-02
   2.5524812e-01   3.7264778e-01   2.2914078e-01   1.0161212e-01   4.2488013e-02
   2.5528620e-01   3.7226107e-01   2.2907404e-01   1.0175394e-01   4.2708558e-02
   2.5532396e-01   3.7187492e-01   2.2900731e-01   1.0189582e-01   4.2928892e-02
   2.5536140e-01   3.7148932e-01   2.2894060e-01   1.0203777e-01   4.3149017e-02
   2.5539853e-01   3.7110426e-01   2.2887391e-01   1.0217980e-01   4.3368933e-02
   2.5543538e-01   3.7071973e-01   2.2880722e-01   1.0232190e-01   4.3588639e-02
   2.5547195e-01   3.7033573e-01   2.2874055e-01   1.0246408e-01   4.3808137e-02
   2.5550824e-01   3.6995225e-01   2.2867390e-01   1.0260634e-01   4.4027426e-02
   2.5554428e-01   3.6956929e-01   2.2860726e-01   1.0274870e-01   4.4246507e-02
   2.5558007e-01   3.6918683e-01   2.2854063e-01   1.0289114e-01   4.4465379e-02
   2.5561562e-01   3.6880487e-01   2.2847402e-01   1.0303369e-01   4.4684044e-02
   2.5565093e-01   3.6842341e-01   2.2840743e-01   1.0317633e-01   4.4902502e-02
   2.5568603e-01   3.6804244e-01   2.2834085e-01   1.0331908e-01   4.5120752e-02
   2.5572091e-01   3.6766196e-01   2.2827429e-01   1.0346193e-01   4.5338795e-02
   2.5575559e-01   3.6728195e-01   2.2820775e-01   1.0360490e-01   4.5556631e-02
   2.5579007e-01   3.6690243e-01   2.2814122e-01   1.0374798e-01   4.5774261e-02
   2.5582436e-01   3.6652337e-01   2.2807471e-01   1.0389118e-01   4.5991684e-02
   2.5585846e-01   3.6614478e-01   2.2800821e-01   1.0403449e-01   4.6208902e-02
   2.5589240e-01   3.6576665e-01   2.2794173e-01   1.0417793e-01   4.6425914e-02
   2.5592616e-01   3.6538898e-01   2.2787527e-01   1.0432149e-01   4.6642720e-02
   2.5595976e-01   3.6501176e-01   2.2780883e-01   1.0446518e-01   4.6859321e-02
   2.5599320e-01   3.6463500e-01   2.2774240e-01   1.0460901e-01   4.7075718e-02
   2.5602650e-01   3.6425868e-01   2.2767600e-01   1.0475296e-01   4.7291909e-02
   2.5605965e-01   3.6388281e-01   2.2760961e-01   1.0489705e-01   4.7507896e-02
   2.5609266e-01   3.6350737e-01   2.2754323e-01   1.0504128e-01   4.7723679e-02
   2.5612553e-01   3.6313238e-01   2.2747688e-01   1.0518565e-01   4.7939259e-02
   2.5615828e-01   3.6275782e-01   2.2741054e-01   1.0533017e-01   4.8154634e-02
   2.5619091e-01   3.6238369e-01   2.2734422e-01   1.0547482e-01   4.8369806e-02
   2.5622342e-01   3.6200999e-01   2.2727792e-01   1.0561963e-01   4.8584775e-02
   2.5625581e-01   3.6163672e-01   2.2721164e-01   1.0576458e-01   4.8799542e-02
   2.5628809e-01   3.6126388e-01   2.2714538e-01   1.0590968e-01   4.9014105e-02
   2.5632027e-01   3.6089145e-01   2.2707913e-01   1.0605494e-01   4.9228466e-02
   2.5635235e-01   3.6051945e-01   2.2701290e-01   1.0620035e-01   4.9442626e-02
   2.5638433e-01   3.6014786e-01   2.2694670e-01   1.0634591e-01   4.9656583e-02
   2.5641621e-01   3.5977669e-01   2.2688051e-01   1.0649164e-01   4.9870339e-02
   2.5644801e-01   3.5940593e-01   2.2681433e-01   1.0663752e-01   5.0083893e-02
   2.5647972e-01   3.5903558e-01   2.2674818e-01   1.0678357e-01   5.0297246e-02
   2.5651135e-01   3.5866565e-01   2.2668205e-01   1.0692978e-01   5.0510399e-02
   2.5654289e-01   3.5829612e-01   2.2661593e-01   1.0707615e-01   5.0723351e-02
   2.5657437e-01   3.5792699e-01   2.2654983e-01   1.0722269e-01   5.0936102e-02
   2.5660576e-01   3.5755828e-01   2.2648375e-01   1.0736939e-01   5.1148654e-02
   2.5663709e-01   3.5718996e-01   2.2641769e-01   1.0751627e-01   5.1361006e-02
   2.5666835e-01   3.5682205e-01   2.2635165e-01   1.0766331e-01   5.1573158e-02
   2.5669954e-01   3.5645453e-01   2.2628563e-01   1.0781052e-01   5.1785111e-02
   2.5673067e-01   3.5608741e-01   2.2621963e-01   1.0795791e-01   5.1996865e-02
   2.5676174e-01   3.5572069e-01   2.2615364e-01   1.0810547e-01   5.2208420e-02
   2.5679275e-01   3.5535437e-01   2.2608768e-01   1.0825321e-01   5.2419777e-02
   2.5682371e-01   3.5498844e-01   2.2602173e-01   1.0840112e-01   5.2630935e-02
   2.5685461e-01   3.5462290e-01   2.2595580e-01   1.0854921e-01   5.2841895e-02
   2.5688547e-01   3.5425776e-01   2.2588989e-01   1.0869748e-01   5.3052658e-02
   2.5691627e-01   3.5389301e-01   2.2582400e-01   1.0884593e-01   5.3263223e-02
   2.5694703e-01   3.5352864e-01   2.2575813e-01   1.0899456e-01   5.3473590e-02
   2.5697774e-01   3.5316467e-01   2.2569228e-01   1.0914337e-01   5.3683761e-02
   2.5700841e-01   3.5280108e-01   2.2562645e-01   1.0929236e-01   5.3893735e-02
   2.5703903e-01   3.5243788e-01   2.2556063e-01   1.0944153e-01   5.4103512e-02
   2.5706962e-01   3.5207506e-01   2.2549484e-01   1.0959089e-01   5.4313093e-02
   2.5710017e-01   3.5171263e-01   2.2542906e-01   1.0974044e-01   5.4522478e-02
   2.5713068e-01   3.5135058e-01   2.2536331e-01   1.0989017e-01   5.4731667e-02
   2.5716115e-01   3.5098892e-01   2.2529757e-01   1.1004009e-01   5.4940661e-02
   2.5719160e-01   3.5062763e-01   2.2523185e-01   1.1019020e-01   5.5149459e-02
   2.5722200e-01   3.5026673e-01   2.2516615e-01   1.1034049e-01   5.5358063e-02
   2.5725238e-01   3.4990621e-01   2.2510047e-01   1.1049098e-01   5.5566471e-02
   2.5728273e-01   3.4954606e-01   2.2503481e-01   1.1064166e-01   5.5774685e-02
   2.5731305e-01   3.4918630e-01   2.2496916e-01   1.1079252e-01   5.5982705e-02
   2.5734335e-01   3.4882691e-01   2.2490354e-01   1.1094358e-01   5.6190530e-02
   2.5737361e-01   3.4846790e-01   2.2483793e-01   1.1109483e-01   5.6398162e-02
   2.5740386e-01   3.4810927e-01   2.2477235e-01   1.1124628e-01   5.6605600e-02
   2.5743407e-01   3.4775101e-01   2.2470678e-01   1.1139792e-01   5.6812845e-02
   2.5746427e-01   3.4739313e-01   2.2464123e-01   1.1154975e-01   5.7019897e-02
   2.5749444e-01   3.4703562e-01   2.2457570e-01   1.1170178e-01   5.7226756e-02
   2.5752459e-01   3.4667848e-01   2.2451019e-01   1.1185401e-01   5.7433423e-02
   2.5755473e-01   3.4632172e-01   2.2444470e-01   1.1200643e-01   5.7639897e-02
   2.5758484e-01   3.4596533e-01   2.2437923e-01   1.1215905e-01   5.7846179e-02
   2.5761493e-01   3.4560931e-01   2.2431378e-01   1.1231187e-01   5.8052269e-02
   2.5764501e-01   3.4525366e-01   2.2424835e-01   1.1246489e-01   5.8258168e-02
   2.5767507e-01   3.4489838e-01   2.2418293e-01   1.1261810e-01   5.8463875e-02
   2.5770512e-01   3.4454347e-01   2.2411754e-01   1.1277152e-01   5.8669391e-02
   2.5773515e-01   3.4418893e-01   2.2405216e-01   1.1292514e-01   5.8874716e-02
   2.5776516e-01   3.4383476e-01   2.2398680e-01   1.1307895e-01   5.9079851e-02
   2.5779516e-01   3.4348096e-01   2.2392146e-01   1.1323297e-01   5.9284795e-02
   2.5782515e-01   3.4312752e-01   2.2385614e-01   1.1338719e-01   5.9489549e-02
   2.5785512e-01   3.4277445e-01   2.2379084e-01   1.1354162e-01   5.9694113e-02
   2.5788509e-01   3.4242175e-01   2.2372556e-01   1.1369625e-01   5.9898488e-02
   2.5791504e-01   3.4206941e-01   2.2366030e-01   1.1385108e-01   6.0102673e-02
   2.5794498e-01   3.4171744e-01   2.2359506e-01   1.1400611e-01   6.0306669e-02
   2.5797491e-01   3.4136584e-01   2.2352983e-01   1.1416135e-01   6.0510476e-02
   2.5800483e-01   3.4101459e-01   2.2346463e-01   1.1431680e-01   6.0714094e-02
   2.5803474e-01   3.4066371e-01   2.2339944e-01   1.1447245e-01   6.0917523e-02
   2.5806464e-01   3.4031320e-01   2.2333427e-01   1.1462831e-01   6.1120765e-02
   2.5809454e-01   3.3996305e-01   2.2326912e-01   1.1478437e-01   6.1323819e-02
   2.5812442e-01   3.3961326e-01   2.2320400e-01   1.1494064e-01   6.1526684e-02
   2.5815430e-01   3.3926383e-01   2.2313889e-01   1.1509712e-01   6.1729363e-02
   2.5818418e-01   3.3891476e-01   2.2307379e-01   1.1525381e-01   6.1931854e-02
   2.5821404e-01   3.3856606e-01   2.2300872e-01   1.1541070e-01   6.2134158e-02
   2.5824390e-01   3.3821771e-01   2.2294367e-01   1.1556781e-01   6.2336275e-02
   2.5827375e-01   3.3786973e-01   2.2287863e-01   1.1572512e-01   6.2538205e-02
   2.5830360e-01   3.3752210e-01   2.2281362e-01   1.1588265e-01   6.2739950e-02
   2.5833344e-01   3.3717483e-01   2.2274862e-01   1.1604038e-01   6.2941508e-02
   2.5836328e-01   3.3682793e-01   2.2268364e-01   1.1619833e-01   6.3142880e-02
   2.5839311e-01   3.3648138e-01   2.2261868e-01   1.1635649e-01   6.3344067e-02
   2.5842294e-01   3.3613518e-01   2.2255374e-01   1.1651485e-01   6.3545069e-02
   2.5845276e-01   3.3578935e-01   2.2248882e-01   1.1667343e-01   6.3745885e-02
   2.5848258e-01   3.3544387e-01   2.2242392e-01   1.1683223e-01   6.3946516e-02
   2.5851240e-01   3.3509875e-01   2.2235904e-01   1.1699123e-01   6.4146963e-02
   2.5854221e-01   3.3475399e-01   2.2229417e-01   1.1715045e-01   6.4347225e-02
   2.5857202e-01   3.3440958e-01   2.2222933e-01   1.1730988e-01   6.4547303e-02
   2.5860183e-01   3.3406552e-01   2.2216450e-01   1.1746953e-01   6.4747197e-02
   2.5863163e-01   3.3372183e-01   2.2209970e-01   1.1762939e-01   6.4946908e-02
   2.5866144e-01   3.3337848e-01   2.2203491e-01   1.1778947e-01   6.5146435e-02
   2.5869124e-01   3.3303549e-01   2.2197014e-01   1.1794976e-01   6.5345778e-02
   2.5872104e-01   3.3269285e-01   2.2190539e-01   1.1811027e-01   6.5544939e-02
   2.5875083e-01   3.3235057e-01   2.2184066e-01   1.1827099e-01   6.5743917e-02
   2.5878063e-01   3.3200864e-01   2.2177594e-01   1.1843193e-01   6.5942712e-02
   2.5881043e-01   3.3166706e-01   2.2171125e-01   1.1859308e-01   6.6141325e-02
   2.5884022e-01   3.3132584e-01   2.2164657e-01   1.1875446e-01   6.6339756e-02
   2.5887001e-01   3.3098496e-01   2.2158192e-01   1.1891605e-01   6.6538005e-02
   2.5889980e-01   3.3064444e-01   2.2151728e-01   1.1907785e-01   6.6736072e-02
   2.5892959e-01   3.3030426e-01   2.2145266e-01   1.1923988e-01   6.6933958e-02
   2.5895939e-01   3.2996444e-01   2.2138806e-01   1.1940213e-01   6.7131663e-02
   2.5898918e-01   3.2962497e-01   2.2132348e-01   1.1956459e-01   6.7329186e-02
   2.5901897e-01   3.2928585e-01   2.2125892e-01   1.1972727e-01   6.7526529e-02
   2.5904876e-01   3.2894708e-01   2.2119437e-01   1.1989018e-01   6.7723692e-02
   2.5907855e-01   3.2860865e-01   2.2112985e-01   1.2005330e-01   6.7920674e-02
   2.5910834e-01   3.2827058e-01   2.2106534e-01   1.2021664e-01   6.8117477e-02
   2.5913813e-01   3.2793285e-01   2.2100086e-01   1.2038021e-01   6.8314099e-02
   2.5916792e-01   3.2759547e-01   2.2093639e-01   1.2054399e-01   6.8510542e-02
   2.5919771e-01   3.2725844e-01   2.2087194e-01   1.2070800e-01   6.8706806e-02
   2.5922750e-01   3.2692176e-01   2.2080751e-01   1.2087223e-01   6.8902891e-02
   2.5925730e-01   3.2658542e-01   2.2074310e-01   1.2103668e-01   6.9098796e-02
   2.5928709e-01   3.2624943e-01   2.2067871e-01   1.2120135e-01   6.9294523e-02
   2.5931689e-01   3.2591378e-01   2.2061433e-01   1.2136625e-01   6.9490072e-02
   2.5934668e-01   3.2557848e-01   2.2054998e-01   1.2153137e-01   6.9685442e-02
   2.5937648e-01   3.2524353e-01   2.2048564e-01   1.2169671e-01   6.9880635e-02
   2.5940628e-01   3.2490892e-01   2.2042132e-01   1.2186228e-01   7.0075650e-02
   2.5943608e-01   3.2457465e-01   2.2035702e-01   1.2202807e-01   7.0270487e-02
   2.5946588e-01   3.2424073e-01   2.2029274e-01   1.2219408e-01   7.0465147e-02
   2.5949568e-01   3.2390715e-01   2.2022848e-01   1.2236032e-01   7.0659630e-02
   2.5952549e-01   3.2357392e-01   2.2016424e-01   1.2252679e-01   7.0853936e-02
   2.5955529e-01   3.2324103e-01   2.2010001e-01   1.2269348e-01   7.1048065e-02
   2.5958510e-01   3.2290848e-01   2.2003581e-01   1.2286040e-01   7.1242018e-02
   2.5961491e-01   3.2257627e-01   2.1997162e-01   1.2302754e-01   7.1435795e-02
   2.5964472e-01   3.2224441e-01   2.1990745e-01   1.2319491e-01   7.1629396e-02
   2.5967453e-01   3.2191288e-01   2.1984331e-01   1.2336251e-01   7.1822822e-02
   2.5970435e-01   3.2158170e-01   2.1977918e-01   1.2353033e-01   7.2016071e-02
   2.5973416e-01   3.2125086e-01   2.1971506e-01   1.2369838e-01   7.2209146e-02
   2.5976398e-01   3.2092036e-01   2.1965097e-01   1.2386666e-01   7.2402045e-02
   2.5979380e-01   3.2059020e-01   2.1958690e-01   1.2403517e-01   7.2594770e-02
   2.5982363e-01   3.2026038e-01   2.1952284e-01   1.2420391e-01   7.2787320e-02
   2.5985345e-01   3.1993090e-01   2.1945880e-01   1.2437287e-01   7.2979696e-02
   2.5988328e-01   3.1960176e-01   2.1939479e-01   1.2454206e-01   7.3171898e-02
   2.5991311e-01   3.1927296e-01   2.1933079e-01   1.2471149e-01   7.3363925e-02
   2.5994294e-01   3.1894449e-01   2.1926681e-01   1.2488114e-01   7.3555779e-02
   2.5997278e-01   3.1861636e-01   2.1920284e-01   1.2505103e-01   7.3747460e-02
   2.6000261e-01   3.1828858e-01   2.1913890e-01   1.2522114e-01   7.3938967e-02
   2.6003245e-01   3.1796112e-01   2.1907497e-01   1.2539149e-01   7.4130301e-02
   2.6006230e-01   3.1763401e-01   2.1901107e-01   1.2556207e-01   7.4321463e-02
   2.6009214e-01   3.1730723e-01   2.1894718e-01   1.2573287e-01   7.4512452e-02
   2.6012199e-01   3.1698079e-01   2.1888331e-01   1.2590391e-01   7.4703268e-02
   2.6015184e-01   3.1665468e-01   2.1881946e-01   1.2607519e-01   7.4893912e-02
   2.6018169e-01   3.1632891e-01   2.1875563e-01   1.2624669e-01   7.5084385e-02
   2.6021154e-01   3.1600348e-01   2.1869182e-01   1.2641843e-01   7.5274686e-02
   2.6024140e-01   3.1567838e-01   2.1862802e-01   1.2659040e-01   7.5464815e-02
   2.6027126e-01   3.1535361e-01   2.1856425e-01   1.2676261e-01   7.5654773e-02
   2.6030112e-01   3.1502918e-01   2.1850049e-01   1.2693505e-01   7.5844559e-02
   2.6033099e-01   3.1470508e-01   2.1843675e-01   1.2710772e-01   7.6034176e-02
   2.6036086e-01   3.1438132e-01   2.1837303e-01   1.2728063e-01   7.6223621e-02
   2.6039073e-01   3.1405789e-01   2.1830933e-01   1.2745377e-01   7.6412896e-02
   2.6042060e-01   3.1373479e-01   2.1824565e-01   1.2762715e-01   7.6602001e-02
   2.6045048e-01   3.1341202e-01   2.1818198e-01   1.2780076e-01   7.6790936e-02
   2.6048036e-01   3.1308959e-01   2.1811834e-01   1.2797461e-01   7.6979701e-02
   2.6051024e-01   3.1276749e-01   2.1805471e-01   1.2814870e-01   7.7168296e-02
   2.6054013e-01   3.1244572e-01   2.1799110e-01   1.2832302e-01   7.7356723e-02
   2.6057002e-01   3.1212428e-01   2.1792751e-01   1.2849758e-01   7.7544980e-02
   2.6059991e-01   3.1180317e-01   2.1786394e-01   1.2867237e-01   7.7733068e-02
   2.6062980e-01   3.1148239e-01   2.1780039e-01   1.2884741e-01   7.7920988e-02
   2.6065970e-01   3.1116194e-01   2.1773685e-01   1.2902268e-01   7.8108739e-02
   2.6068960e-01   3.1084182e-01   2.1767333e-01   1.2919819e-01   7.8296322e-02
   2.6071951e-01   3.1052203e-01   2.1760984e-01   1.2937394e-01   7.8483737e-02
   2.6074941e-01   3.1020257e-01   2.1754636e-01   1.2954992e-01   7.8670984e-02
   2.6077932e-01   3.0988344e-01   2.1748290e-01   1.2972615e-01   7.8858064e-02
   2.6080924e-01   3.0956464e-01   2.1741946e-01   1.2990262e-01   7.9044976e-02
   2.6083915e-01   3.0924616e-01   2.1735603e-01   1.3007932e-01   7.9231721e-02
   2.6086907e-01   3.0892802e-01   2.1729263e-01   1.3025627e-01   7.9418299e-02
   2.6089899e-01   3.0861020e-01   2.1722924e-01   1.3043346e-01   7.9604711e-02
   2.6092892e-01   3.0829270e-01   2.1716587e-01   1.3061088e-01   7.9790956e-02
   2.6095885e-01   3.0797554e-01   2.1710252e-01   1.3078855e-01   7.9977034e-02
   2.6098878e-01   3.0765870e-01   2.1703919e-01   1.3096646e-01   8.0162947e-02
   2.6101871e-01   3.0734218e-01   2.1697588e-01   1.3114461e-01   8.0348694e-02
   2.6104865e-01   3.0702599e-01   2.1691259e-01   1.3132301e-01   8.0534274e-02
   2.6107859e-01   3.0671013e-01   2.1684931e-01   1.3150164e-01   8.0719690e-02
   2.6110853e-01   3.0639459e-01   2.1678606e-01   1.3168052e-01   8.0904940e-02
   2.6113848e-01   3.0607938e-01   2.1672282e-01   1.3185965e-01   8.1090026e-02
   2.6116843e-01   3.0576449e-01   2.1665960e-01   1.3203901e-01   8.1274946e-02
   2.6119839e-01   3.0544992e-01   2.1659639e-01   1.3221862e-01   8.1459702e-02
   2.6122834e-01   3.0513568e-01   2.1653321e-01   1.3239848e-01   8.1644293e-02
   2.6125830e-01   3.0482176e-01   2.1647005e-01   1.3257858e-01   8.1828721e-02
   2.6128827e-01   3.0450817e-01   2.1640690e-01   1.3275892e-01   8.2012984e-02
   2.6131823e-01   3.0419489e-01   2.1634377e-01   1.3293951e-01   8.2197084e-02
   2.6134820e-01   3.0388194e-01   2.1628066e-01   1.3312034e-01   8.2381020e-02
   2.6137818e-01   3.0356931e-01   2.1621757e-01   1.3330142e-01   8.2564792e-02
   2.6140815e-01   3.0325701e-01   2.1615450e-01   1.3348275e-01   8.2748402e-02
   2.6143813e-01   3.0294502e-01   2.1609144e-01   1.3366432e-01   8.2931848e-02
   2.6146812e-01   3.0263336e-01   2.1602841e-01   1.3384614e-01   8.3115132e-02
   2.6149810e-01   3.0232201e-01   2.1596539e-01   1.3402821e-01   8.3298254e-02
   2.6152809e-01   3.0201099e-01   2.1590239e-01   1.3421053e-01   8.3481213e-02
   2.6155809e-01   3.0170029e-01   2.1583941e-01   1.3439309e-01   8.3664010e-02
   2.6158808e-01   3.0138990e-01   2.1577645e-01   1.3457590e-01   8.3846645e-02
   2.6161808e-01   3.0107984e-01   2.1571350e-01   1.3475896e-01   8.4029118e-02
   2.6164808e-01   3.0077009e-01   2.1565058e-01   1.3494227e-01   8.4211430e-02
   2.6167809e-01   3.0046066e-01   2.1558767e-01   1.3512583e-01   8.4393581e-02
   2.6170810e-01   3.0015155e-01   2.1552478e-01   1.3530963e-01   8.4575571e-02
   2.6173811e-01   2.9984276e-01   2.1546191e-01   1.3549369e-01   8.4757400e-02
   2.6176813e-01   2.9953429e-01   2.1539906e-01   1.3567800e-01   8.4939068e-02
   2.6179815e-01   2.9922613e-01   2.1533623e-01   1.3586256e-01   8.5120576e-02
   2.6182817e-01   2.9891830e-01   2.1527341e-01   1.3604737e-01   8.5301923e-02
   2.6185820e-01   2.9861077e-01   2.1521061e-01   1.3623243e-01   8.5483111e-02
   2.6188823e-01   2.9830357e-01   2.1514783e-01   1.3641774e-01   8.5664138e-02
   2.6191826e-01   2.9799668e-01   2.1508507e-01   1.3660331e-01   8.5845006e-02
   2.6194830e-01   2.9769010e-01   2.1502233e-01   1.3678912e-01   8.6025715e-02
   2.6197834e-01   2.9738385e-01   2.1495961e-01   1.3697519e-01   8.6206265e-02
   2.6200838e-01   2.9707790e-01   2.1489690e-01   1.3716152e-01   8.6386655e-02
   2.6203843e-01   2.9677227e-01   2.1483421e-01   1.3734809e-01   8.6566887e-02
   2.6206847e-01   2.9646696e-01   2.1477154e-01   1.3753492e-01   8.6746960e-02
   2.6209853e-01   2.9616196e-01   2.1470889e-01   1.3772201e-01   8.6926875e-02
   2.6212858e-01   2.9585727e-01   2.1464626e-01   1.3790934e-01   8.7106631e-02
   2.6215864e-01   2.9555290e-01   2.1458365e-01   1.3809694e-01   8.7286230e-02
   2.6218871e-01   2.9524884e-01   2.1452105e-01   1.3828479e-01   8.7465671e-02
   2.6221877e-01   2.9494509e-01   2.1445847e-01   1.3847289e-01   8.7644954e-02
   2.6224884e-01   2.9464166e-01   2.1439591e-01   1.3866125e-01   8.7824080e-02
   2.6227892e-01   2.9433854e-01   2.1433337e-01   1.3884986e-01   8.8003049e-02
   2.6230899e-01   2.9403573e-01   2.1427085e-01   1.3903874e-01   8.8181861e-02
   2.6233908e-01   2.9373323e-01   2.1420834e-01   1.3922787e-01   8.8360516e-02
   2.6236916e-01   2.9343104e-01   2.1414586e-01   1.3941725e-01   8.8539014e-02
   2.6239925e-01   2.9312916e-01   2.1408339e-01   1.3960690e-01   8.8717356e-02
   2.6242934e-01   2.9282760e-01   2.1402094e-01   1.3979680e-01   8.8895542e-02
   2.6245943e-01   2.9252634e-01   2.1395851e-01   1.3998696e-01   8.9073572e-02
   2.6248953e-01   2.9222539e-01   2.1389609e-01   1.4017738e-01   8.9251446e-02
   2.6251963e-01   2.9192476e-01   2.1383370e-01   1.4036806e-01   8.9429165e-02
   2.6254973e-01   2.9162443e-01   2.1377132e-01   1.4055899e-01   8.9606729e-02
   2.6257984e-01   2.9132441e-01   2.1370896e-01   1.4075019e-01   8.9784137e-02
   2.6260995e-01   2.9102470e-01   2.1364662e-01   1.4094165e-01   8.9961390e-02
   2.6264006e-01   2.9072530e-01   2.1358430e-01   1.4113337e-01   9.0138488e-02
   2.6267018e-01   2.9042621e-01   2.1352199e-01   1.4132534e-01   9.0315432e-02
   2.6270030e-01   2.9012742e-01   2.1345971e-01   1.4151758e-01   9.0492222e-02
   2.6273043e-01   2.8982894e-01   2.1339744e-01   1.4171008e-01   9.0668857e-02
   2.6276056e-01   2.8953077e-01   2.1333519e-01   1.4190285e-01   9.0845339e-02
   2.6279069e-01   2.8923291e-01   2.1327296e-01   1.4209587e-01   9.1021667e-02
   2.6282082e-01   2.8893535e-01   2.1321074e-01   1.4228916e-01   9.1197841e-02
   2.6285096e-01   2.8863810e-01   2.1314855e-01   1.4248271e-01   9.1373861e-02
   2.6288110e-01   2.8834115e-01   2.1308637e-01   1.4267652e-01   9.1549729e-02
   2.6291125e-01   2.8804451e-01   2.1302421e-01   1.4287060e-01   9.1725444e-02
   2.6294140e-01   2.8774818e-01   2.1296207e-01   1.4306494e-01   9.1901006e-02
   2.6297155e-01   2.8745215e-01   2.1289995e-01   1.4325955e-01   9.2076415e-02
   2.6300170e-01   2.8715642e-01   2.1283784e-01   1.4345442e-01   9.2251672e-02
   2.6303186e-01   2.8686100e-01   2.1277575e-01   1.4364955e-01   9.2426777e-02
   2.6306203e-01   2.8656588e-01   2.1271369e-01   1.4384495e-01   9.2601729e-02
   2.6309219e-01   2.8627107e-01   2.1265163e-01   1.4404062e-01   9.2776530e-02
   2.6312236e-01   2.8597656e-01   2.1258960e-01   1.4423655e-01   9.2951180e-02
   2.6315253e-01   2.8568235e-01   2.1252759e-01   1.4443275e-01   9.3125678e-02
   2.6318271e-01   2.8538845e-01   2.1246559e-01   1.4462922e-01   9.3300024e-02
   2.6321289e-01   2.8509484e-01   2.1240361e-01   1.4482595e-01   9.3474220e-02
   2.6324307e-01   2.8480154e-01   2.1234165e-01   1.4502295e-01   9.3648265e-02
   2.6327326e-01   2.8450854e-01   2.1227971e-01   1.4522022e-01   9.3822159e-02
   2.6330345e-01   2.8421585e-01   2.1221779e-01   1.4541776e-01   9.3995903e-02
   2.6333364e-01   2.8392345e-01   2.1215588e-01   1.4561556e-01   9.4169497e-02
   2.6336384e-01   2.8363135e-01   2.1209399e-01   1.4581364e-01   9.4342940e-02
   2.6339404e-01   2.8333956e-01   2.1203212e-01   1.4601198e-01   9.4516234e-02
   2.6342424e-01   2.8304806e-01   2.1197027e-01   1.4621060e-01   9.4689378e-02
   2.6345445e-01   2.8275687e-01   2.1190844e-01   1.4640948e-01   9.4862373e-02
   2.6348466e-01   2.8246597e-01   2.1184662e-01   1.4660864e-01   9.5035218e-02
   2.6351487e-01   2.8217538e-01   2.1178482e-01   1.4680806e-01   9.5207915e-02
   2.6354509e-01   2.8188508e-01   2.1172305e-01   1.4700776e-01   9.5380462e-02
   2.6357531e-01   2.8159508e-01   2.1166128e-01   1.4720773e-01   9.5552861e-02
   2.6360554e-01   2.8130538e-01   2.1159954e-01   1.4740797e-01   9.5725111e-02
   2.6363577e-01   2.8101598e-01   2.1153781e-01   1.4760848e-01   9.5897213e-02
   2.6366600e-01   2.8072687e-01   2.1147611e-01   1.4780927e-01   9.6069167e-02
   2.6369623e-01   2.8043807e-01   2.1141442e-01   1.4801033e-01   9.6240973e-02
   2.6372647e-01   2.8014956e-01   2.1135275e-01   1.4821166e-01   9.6412631e-02
   2.6375671e-01   2.7986135e-01   2.1129109e-01   1.4841327e-01   9.6584142e-02
   2.6378696e-01   2.7957343e-01   2.1122946e-01   1.4861515e-01   9.6755505e-02
   2.6381720e-01   2.7928581e-01   2.1116784e-01   1.4881730e-01   9.6926721e-02
   2.6384746e-01   2.7899848e-01   2.1110624e-01   1.4901973e-01   9.7097791e-02
   2.6387771e-01   2.7871146e-01   2.1104466e-01   1.4922244e-01   9.7268713e-02
   2.6390797e-01   2.7842472e-01   2.1098309e-01   1.4942542e-01   9.7439489e-02
   2.6393823e-01   2.7813828e-01   2.1092155e-01   1.4962868e-01   9.7610118e-02
   2.6396850e-01   2.7785214e-01   2.1086002e-01   1.4983221e-01   9.7780602e-02
   2.6399877e-01   2.7756629e-01   2.1079851e-01   1.5003602e-01   9.7950939e-02
   2.6402904e-01   2.7728073e-01   2.1073702e-01   1.5024011e-01   9.8121130e-02
   2.6405932e-01   2.7699547e-01   2.1067554e-01   1.5044447e-01   9.8291176e-02
   2.6408960e-01   2.7671050e-01   2.1061409e-01   1.5064912e-01   9.8461076e-02
   2.6411988e-01   2.7642583e-01   2.1055265e-01   1.5085404e-01   9.8630831e-02
   2.6415017e-01   2.7614145e-01   2.1049123e-01   1.5105924e-01   9.8800441e-02
   2.6418046e-01   2.7585736e-01   2.1042983e-01   1.5126472e-01   9.8969906e-02
   2.6421075e-01   2.7557356e-01   2.1036844e-01   1.5147048e-01   9.9139227e-02
   2.6424105e-01   2.7529006e-01   2.1030708e-01   1.5167652e-01   9.9308402e-02
   2.6427135e-01   2.7500684e-01   2.1024573e-01   1.5188284e-01   9.9477434e-02
   2.6430165e-01   2.7472392e-01   2.1018440e-01   1.5208944e-01   9.9646321e-02
   2.6433196e-01   2.7444129e-01   2.1012308e-01   1.5229632e-01   9.9815065e-02
   2.6436227e-01   2.7415895e-01   2.1006179e-01   1.5250348e-01   9.9983664e-02
   2.6439259e-01   2.7387690e-01   2.1000051e-01   1.5271092e-01   1.0015212e-01
   2.6442291e-01   2.7359514e-01   2.0993925e-01   1.5291865e-01   1.0032043e-01
   2.6445323e-01   2.7331367e-01   2.0987801e-01   1.5312666e-01   1.0048860e-01
   2.6448355e-01   2.7303249e-01   2.0981679e-01   1.5333495e-01   1.0065663e-01
   2.6451388e-01   2.7275160e-01   2.0975558e-01   1.5354353e-01   1.0082451e-01
   2.6454421e-01   2.7247099e-01   2.0969440e-01   1.5375238e-01   1.0099225e-01
   2.6457455e-01   2.7219068e-01   2.0963323e-01   1.5396153e-01   1.0115985e-01
   2.6460489e-01   2.7191066e-01   2.0957207e-01   1.5417095e-01   1.0132731e-01
   2.6463523e-01   2.7163092e-01   2.0951094e-01   1.5438067e-01   1.0149462e-01
   2.6466557e-01   2.7135147e-01   2.0944982e-01   1.5459066e-01   1.0166179e-01
   2.6469592e-01   2.7107231e-01   2.0938872e-01   1.5480095e-01   1.0182882e-01
   2.6472628e-01   2.7079343e-01   2.0932764e-01   1.5501152e-01   1.0199571e-01
   2.6475663e-01   2.7051485e-01   2.0926658e-01   1.5522237e-01   1.0216246e-01
   2.6478699e-01   2.7023654e-01   2.0920554e-01   1.5543352e-01   1.0232907e-01
   2.6481735e-01   2.6995853e-01   2.0914451e-01   1.5564494e-01   1.0249553e-01
   2.6484772e-01   2.6968080e-01   2.0908350e-01   1.5585666e-01   1.0266186e-01
   2.6487809e-01   2.6940336e-01   2.0902251e-01   1.5606867e-01   1.0282804e-01
   2.6490847e-01   2.6912620e-01   2.0896153e-01   1.5628096e-01   1.0299408e-01
   2.6493884e-01   2.6884933e-01   2.0890058e-01   1.5649354e-01   1.0315999e-01
   2.6496922e-01   2.6857274e-01   2.0883964e-01   1.5670642e-01   1.0332575e-01
   2.6499961e-01   2.6829644e-01   2.0877872e-01   1.5691958e-01   1.0349137e-01
   2.6502999e-01   2.6802042e-01   2.0871782e-01   1.5713303e-01   1.0365686e-01
   2.6506039e-01   2.6774468e-01   2.0865693e-01   1.5734677e-01   1.0382220e-01
   2.6509078e-01   2.6746923e-01   2.0859606e-01   1.5756080e-01   1.0398741e-01
   2.6512118e-01   2.6719407e-01   2.0853521e-01   1.5777512e-01   1.0415247e-01
   2.6515158e-01   2.6691918e-01   2.0847438e-01   1.5798974e-01   1.0431740e-01
   2.6518198e-01   2.6664458e-01   2.0841357e-01   1.5820465e-01   1.0448218e-01
   2.6521239e-01   2.6637026e-01   2.0835277e-01   1.5841985e-01   1.0464683e-01
   2.6524280e-01   2.6609622e-01   2.0829199e-01   1.5863534e-01   1.0481134e-01
   2.6527322e-01   2.6582247e-01   2.0823123e-01   1.5885112e-01   1.0497572e-01
   2.6530364e-01   2.6554899e-01   2.0817049e-01   1.5906720e-01   1.0513995e-01
   2.6533406e-01   2.6527580e-01   2.0810977e-01   1.5928357e-01   1.0530405e-01
   2.6536449e-01   2.6500289e-01   2.0804906e-01   1.5950024e-01   1.0546800e-01
   2.6539492e-01   2.6473026e-01   2.0798837e-01   1.5971720e-01   1.0563183e-01
   2.6542535e-01   2.6445791e-01   2.0792770e-01   1.5993446e-01   1.0579551e-01
   2.6545579e-01   2.6418584e-01   2.0786704e-01   1.6015201e-01   1.0595905e-01
   2.6548623e-01   2.6391405e-01   2.0780640e-01   1.6036986e-01   1.0612246e-01
   2.6551667e-01   2.6364254e-01   2.0774579e-01   1.6058800e-01   1.0628574e-01
   2.6554712e-01   2.6337131e-01   2.0768518e-01   1.6080644e-01   1.0644887e-01
   2.6557757e-01   2.6310036e-01   2.0762460e-01   1.6102518e-01   1.0661187e-01
   2.6560802e-01   2.6282968e-01   2.0756403e-01   1.6124422e-01   1.0677473e-01
   2.6563848e-01   2.6255929e-01   2.0750349e-01   1.6146355e-01   1.0693746e-01
   2.6566894e-01   2.6228917e-01   2.0744295e-01   1.6168318e-01   1.0710005e-01
   2.6569940e-01   2.6201933e-01   2.0738244e-01   1.6190312e-01   1.0726251e-01
   2.6572987e-01   2.6174977e-01   2.0732195e-01   1.6212335e-01   1.0742483e-01
   2.6576034e-01   2.6148049e-01   2.0726147e-01   1.6234387e-01   1.0758701e-01
   2.6579082e-01   2.6121148e-01   2.0720101e-01   1.6256470e-01   1.0774906e-01
   2.6582129e-01   2.6094275e-01   2.0714057e-01   1.6278583e-01   1.0791097e-01
   2.6585178e-01   2.6067430e-01   2.0708014e-01   1.6300727e-01   1.0807275e-01
   2.6588226e-01   2.6040612e-01   2.0701973e-01   1.6322900e-01   1.0823439e-01
   2.6591275e-01   2.6013822e-01   2.0695934e-01   1.6345103e-01   1.0839590e-01
   2.6594324e-01   2.5987060e-01   2.0689897e-01   1.6367337e-01   1.0855728e-01
   2.6597374e-01   2.5960325e-01   2.0683862e-01   1.6389600e-01   1.0871852e-01
   2.6600424e-01   2.5933617e-01   2.0677828e-01   1.6411895e-01   1.0887963e-01
   2.6603474e-01   2.5906937e-01   2.0671796e-01   1.6434219e-01   1.0904060e-01
   2.6606525e-01   2.5880284e-01   2.0665766e-01   1.6456574e-01   1.0920144e-01
   2.6609576e-01   2.5853659e-01   2.0659738e-01   1.6478959e-01   1.0936214e-01
   2.6612627e-01   2.5827061e-01   2.0653711e-01   1.6501375e-01   1.0952272e-01
   2.6615679e-01   2.5800491e-01   2.0647686e-01   1.6523821e-01   1.0968316e-01
   2.6618731e-01   2.5773948e-01   2.0641663e-01   1.6546297e-01   1.0984346e-01
   2.6621783e-01   2.5747432e-01   2.0635642e-01   1.6568805e-01   1.1000363e-01
   2.6624836e-01   2.5720944e-01   2.0629622e-01   1.6591342e-01   1.1016368e-01
   2.6627889e-01   2.5694482e-01   2.0623604e-01   1.6613911e-01   1.1032358e-01
   2.6630942e-01   2.5668048e-01   2.0617588e-01   1.6636510e-01   1.1048336e-01
   2.6633996e-01   2.5641641e-01   2.0611574e-01   1.6659140e-01   1.1064300e-01
   2.6637050e-01   2.5615262e-01   2.0605561e-01   1.6681801e-01   1.1080252e-01
   2.6640104e-01   2.5588909e-01   2.0599550e-01   1.6704492e-01   1.1096190e-01
   2.6643159e-01   2.5562584e-01   2.0593541e-01   1.6727215e-01   1.1112114e-01
   2.6646214e-01   2.5536285e-01   2.0587534e-01   1.6749968e-01   1.1128026e-01
   2.6649270e-01   2.5510014e-01   2.0581528e-01   1.6772752e-01   1.1143925e-01
   2.6652326e-01   2.5483770e-01   2.0575524e-01   1.6795568e-01   1.1159810e-01
   2.6655382e-01   2.5457553e-01   2.0569522e-01   1.6818414e-01   1.1175683e-01
   2.6658439e-01   2.5431362e-01   2.0563522e-01   1.6841291e-01   1.1191542e-01
   2.6661496e-01   2.5405199e-01   2.0557523e-01   1.6864200e-01   1.1207388e-01
   2.6664553e-01   2.5379062e-01   2.0551527e-01   1.6887140e-01   1.1223221e-01
   2.6667610e-01   2.5352953e-01   2.0545532e-01   1.6910110e-01   1.1239042e-01
   2.6670668e-01   2.5326870e-01   2.0539538e-01   1.6933112e-01   1.1254849e-01
   2.6673727e-01   2.5300814e-01   2.0533547e-01   1.6956146e-01   1.1270643e-01
   2.6676785e-01   2.5274785e-01   2.0527557e-01   1.6979211e-01   1.1286424e-01
   2.6679844e-01   2.5248783e-01   2.0521569e-01   1.7002307e-01   1.1302192e-01
   2.6682904e-01   2.5222808e-01   2.0515582e-01   1.7025434e-01   1.1317948e-01
   2.6685964e-01   2.5196859e-01   2.0509598e-01   1.7048593e-01   1.1333690e-01
   2.6689024e-01   2.5170937e-01   2.0503615e-01   1.7071784e-01   1.1349420e-01
   2.6692084e-01   2.5145041e-01   2.0497634e-01   1.7095006e-01   1.1365136e-01
   2.6695145e-01   2.5119173e-01   2.0491654e-01   1.7118259e-01   1.1380840e-01
   2.6698206e-01   2.5093330e-01   2.0485677e-01   1.7141545e-01   1.1396531e-01
   2.6701267e-01   2.5067515e-01   2.0479701e-01   1.7164862e-01   1.1412209e-01
   2.6704329e-01   2.5041726e-01   2.0473727e-01   1.7188210e-01   1.1427874e-01
   2.6707391e-01   2.5015963e-01   2.0467755e-01   1.7211591e-01   1.1443526e-01
   2.6710454e-01   2.4990227e-01   2.0461784e-01   1.7235003e-01   1.1459166e-01
   2.6713517e-01   2.4964518e-01   2.0455815e-01   1.7258447e-01   1.1474793e-01
   2.6716580e-01   2.4938835e-01   2.0449848e-01   1.7281923e-01   1.1490407e-01
   2.6719644e-01   2.4913178e-01   2.0443882e-01   1.7305431e-01   1.1506008e-01
   2.6722708e-01   2.4887548e-01   2.0437919e-01   1.7328971e-01   1.1521597e-01
   2.6725772e-01   2.4861944e-01   2.0431957e-01   1.7352542e-01   1.1537173e-01
   2.6728837e-01   2.4836366e-01   2.0425997e-01   1.7376146e-01   1.1552736e-01
   2.6731902e-01   2.4810815e-01   2.0420038e-01   1.7399782e-01   1.1568287e-01
   2.6734967e-01   2.4785290e-01   2.0414081e-01   1.7423451e-01   1.1583825e-01
   2.6738033e-01   2.4759792e-01   2.0408126e-01   1.7447151e-01   1.1599350e-01
   2.6741099e-01   2.4734319e-01   2.0402173e-01   1.7470884e-01   1.1614863e-01
   2.6744165e-01   2.4708873e-01   2.0396222e-01   1.7494649e-01   1.1630363e-01
   2.6747232e-01   2.4683453e-01   2.0390272e-01   1.7518446e-01   1.1645850e-01
   2.6750299e-01   2.4658059e-01   2.0384324e-01   1.7542275e-01   1.1661325e-01
   2.6753366e-01   2.4632691e-01   2.0378378e-01   1.7566137e-01   1.1676787e-01
   2.6756434e-01   2.4607349e-01   2.0372433e-01   1.7590032e-01   1.1692237e-01
   2.6759502e-01   2.4582034e-01   2.0366490e-01   1.7613959e-01   1.1707675e-01
   2.6762571e-01   2.4556744e-01   2.0360549e-01   1.7637918e-01   1.1723099e-01
   2.6765640e-01   2.4531481e-01   2.0354610e-01   1.7661910e-01   1.1738512e-01
   2.6768709e-01   2.4506243e-01   2.0348672e-01   1.7685935e-01   1.1753911e-01
   2.6771778e-01   2.4481031e-01   2.0342736e-01   1.7709993e-01   1.1769299e-01
   2.6774848e-01   2.4455846e-01   2.0336802e-01   1.7734083e-01   1.1784674e-01
   2.6777919e-01   2.4430686e-01   2.0330870e-01   1.7758206e-01   1.1800036e-01
   2.6780989e-01   2.4405552e-01   2.0324939e-01   1.7782362e-01   1.1815386e-01
   2.6784060e-01   2.4380444e-01   2.0319010e-01   1.7806550e-01   1.1830724e-01
   2.6787132e-01   2.4355362e-01   2.0313083e-01   1.7830772e-01   1.1846049e-01
   2.6790203e-01   2.4330306e-01   2.0307157e-01   1.7855026e-01   1.1861362e-01
   2.6793275e-01   2.4305275e-01   2.0301233e-01   1.7879314e-01   1.1876663e-01
   2.6796348e-01   2.4280270e-01   2.0295311e-01   1.7903634e-01   1.1891951e-01
   2.6799420e-01   2.4255291e-01   2.0289391e-01   1.7927988e-01   1.1907227e-01
   2.6802493e-01   2.4230338e-01   2.0283472e-01   1.7952374e-01   1.1922491e-01
   2.6805567e-01   2.4205410e-01   2.0277555e-01   1.7976794e-01   1.1937742e-01
   2.6808641e-01   2.4180508e-01   2.0271640e-01   1.8001247e-01   1.1952981e-01
   2.6811715e-01   2.4155631e-01   2.0265727e-01   1.8025734e-01   1.1968208e-01
   2.6814789e-01   2.4130780e-01   2.0259815e-01   1.8050253e-01   1.1983423e-01
   2.6817864e-01   2.4105955e-01   2.0253905e-01   1.8074806e-01   1.1998625e-01
   2.6820939e-01   2.4081155e-01   2.0247997e-01   1.8099393e-01   1.2013816e-01
   2.6824015e-01   2.4056381e-01   2.0242090e-01   1.8124012e-01   1.2028994e-01
   2.6827091e-01   2.4031632e-01   2.0236186e-01   1.8148666e-01   1.2044159e-01
   2.6830167e-01   2.4006909e-01   2.0230282e-01   1.8173353e-01   1.2059313e-01
   2.6833244e-01   2.3982211e-01   2.0224381e-01   1.8198073e-01   1.2074455e-01
   2.6836321e-01   2.3957538e-01   2.0218481e-01   1.8222827e-01   1.2089584e-01
   2.6839398e-01   2.3932891e-01   2.0212584e-01   1.8247615e-01   1.2104702e-01
   2.6842476e-01   2.3908270e-01   2.0206687e-01   1.8272436e-01   1.2119807e-01
   2.6845554e-01   2.3883673e-01   2.0200793e-01   1.8297292e-01   1.2134900e-01
   2.6848632e-01   2.3859102e-01   2.0194900e-01   1.8322181e-01   1.2149981e-01
   2.6851711e-01   2.3834556e-01   2.0189009e-01   1.8347104e-01   1.2165051e-01
   2.6854790e-01   2.3810036e-01   2.0183120e-01   1.8372060e-01   1.2180108e-01
   2.6857869e-01   2.3785540e-01   2.0177232e-01   1.8397051e-01   1.2195153e-01
   2.6860949e-01   2.3761070e-01   2.0171346e-01   1.8422076e-01   1.2210186e-01
   2.6864029e-01   2.3736625e-01   2.0165462e-01   1.8447135e-01   1.2225207e-01
   2.6867110e-01   2.3712205e-01   2.0159580e-01   1.8472227e-01   1.2240216e-01
   2.6870191e-01   2.3687811e-01   2.0153699e-01   1.8497354e-01   1.2255213e-01
   2.6873272e-01   2.3663441e-01   2.0147820e-01   1.8522516e-01   1.2270199e-01
   2.6876353e-01   2.3639097e-01   2.0141943e-01   1.8547711e-01   1.2285172e-01
   2.6879435e-01   2.3614777e-01   2.0136067e-01   1.8572941e-01   1.2300134e-01
   2.6882518e-01   2.3590483e-01   2.0130193e-01   1.8598205e-01   1.2315083e-01
   2.6885600e-01   2.3566213e-01   2.0124321e-01   1.8623503e-01   1.2330021e-01
   2.6888683e-01   2.3541969e-01   2.0118450e-01   1.8648836e-01   1.2344947e-01
   2.6891766e-01   2.3517749e-01   2.0112582e-01   1.8674203e-01   1.2359861e-01
   2.6894850e-01   2.3493554e-01   2.0106715e-01   1.8699605e-01   1.2374763e-01
   2.6897934e-01   2.3469385e-01   2.0100849e-01   1.8725041e-01   1.2389654e-01
   2.6901019e-01   2.3445240e-01   2.0094986e-01   1.8750512e-01   1.2404532e-01
   2.6904103e-01   2.3421120e-01   2.0089124e-01   1.8776018e-01   1.2419399e-01
   2.6907188e-01   2.3397024e-01   2.0083264e-01   1.8801558e-01   1.2434254e-01
   2.6910274e-01   2.3372954e-01   2.0077405e-01   1.8827133e-01   1.2449098e-01
   2.6913360e-01   2.3348908e-01   2.0071548e-01   1.8852742e-01   1.2463929e-01
   2.6916446e-01   2.3324887e-01   2.0065693e-01   1.8878387e-01   1.2478749e-01
   2.6919532e-01   2.3300891e-01   2.0059840e-01   1.8904067e-01   1.2493558e-01
   2.6922619e-01   2.3276919e-01   2.0053988e-01   1.8929781e-01   1.2508354e-01
   2.6925706e-01   2.3252973e-01   2.0048138e-01   1.8955530e-01   1.2523139e-01
   2.6928794e-01   2.3229050e-01   2.0042290e-01   1.8981315e-01   1.2537912e-01
   2.6931882e-01   2.3205153e-01   2.0036444e-01   1.9007134e-01   1.2552674e-01
   2.6934970e-01   2.3181280e-01   2.0030599e-01   1.9032989e-01   1.2567424e-01
   2.6938059e-01   2.3157431e-01   2.0024756e-01   1.9058879e-01   1.2582162e-01
   2.6941148e-01   2.3133607e-01   2.0018914e-01   1.9084804e-01   1.2596889e-01
   2.6944237e-01   2.3109808e-01   2.0013075e-01   1.9110764e-01   1.2611604e-01
   2.6947327e-01   2.3086033e-01   2.0007237e-01   1.9136759e-01   1.2626308e-01
   2.6950417e-01   2.3062282e-01   2.0001400e-01   1.9162790e-01   1.2641000e-01
   2.6953507e-01   2.3038556e-01   1.9995566e-01   1.9188857e-01   1.2655681e-01
   2.6956598e-01   2.3014854e-01   1.9989733e-01   1.9214959e-01   1.2670350e-01
   2.6959689e-01   2.2991177e-01   1.9983902e-01   1.9241096e-01   1.2685007e-01
   2.6962781e-01   2.2967524e-01   1.9978072e-01   1.9267269e-01   1.2699654e-01
   2.6965872e-01   2.2943896e-01   1.9972244e-01   1.9293477e-01   1.2714288e-01
   2.6968965e-01   2.2920291e-01   1.9966418e-01   1.9319721e-01   1.2728911e-01
   2.6972057e-01   2.2896711e-01   1.9960594e-01   1.9346001e-01   1.2743523e-01
   2.6975150e-01   2.2873156e-01   1.9954771e-01   1.9372317e-01   1.2758124e-01
   2.6978243e-01   2.2849624e-01   1.9948950e-01   1.9398668e-01   1.2772713e-01
   2.6981337e-01   2.2826117e-01   1.9943131e-01   1.9425055e-01   1.2787290e-01
   2.6984431e-01   2.2802634e-01   1.9937313e-01   1.9451478e-01   1.2801856e-01
   2.6987525e-01   2.2779175e-01   1.9931497e-01   1.9477937e-01   1.2816411e-01
   2.6990620e-01   2.2755740e-01   1.9925683e-01   1.9504432e-01   1.2830955e-01
   2.6993715e-01   2.2732329e-01   1.9919871e-01   1.9530963e-01   1.2845487e-01
   2.6996810e-01   2.2708943e-01   1.9914060e-01   1.9557530e-01   1.2860007e-01
   2.6999906e-01   2.2685580e-01   1.9908251e-01   1.9584134e-01   1.2874517e-01
   2.7003002e-01   2.2662241e-01   1.9902443e-01   1.9610773e-01   1.2889015e-01
   2.7006098e-01   2.2638927e-01   1.9896637e-01   1.9637449e-01   1.2903502e-01
   2.7009195e-01   2.2615636e-01   1.9890833e-01   1.9664161e-01   1.2917978e-01
   2.7012292e-01   2.2592370e-01   1.9885031e-01   1.9690909e-01   1.2932442e-01
   2.7015390e-01   2.2569127e-01   1.9879230e-01   1.9717694e-01   1.2946896e-01
   2.7018488e-01   2.2545908e-01   1.9873431e-01   1.9744515e-01   1.2961338e-01
   2.7021586e-01   2.2522714e-01   1.9867634e-01   1.9771373e-01   1.2975769e-01
   2.7024684e-01   2.2499543e-01   1.9861839e-01   1.9798267e-01   1.2990188e-01
   2.7027783e-01   2.2476396e-01   1.9856045e-01   1.9825198e-01   1.3004597e-01
   2.7030883e-01   2.2453272e-01   1.9850253e-01   1.9852165e-01   1.3018994e-01
   2.7033982e-01   2.2430173e-01   1.9844462e-01   1.9879169e-01   1.3033380e-01
   2.7037082e-01   2.2407097e-01   1.9838673e-01   1.9906210e-01   1.3047755e-01
   2.7040183e-01   2.2384045e-01   1.9832886e-01   1.9933288e-01   1.3062119e-01
   2.7043283e-01   2.2361017e-01   1.9827101e-01   1.9960402e-01   1.3076472e-01
   2.7046384e-01   2.2338012e-01   1.9821317e-01   1.9987553e-01   1.3090814e-01
   2.7049486e-01   2.2315031e-01   1.9815535e-01   2.0014742e-01   1.3105145e-01
   2.7052587e-01   2.2292074e-01   1.9809754e-01   2.0041967e-01   1.3119464e-01
   2.7055690e-01   2.2269140e-01   1.9803976e-01   2.0069229e-01   1.3133773e-01
   2.7058792e-01   2.2246230e-01   1.9798199e-01   2.0096528e-01   1.3148071e-01
   2.7061895e-01   2.2223343e-01   1.9792423e-01   2.0123865e-01   1.3162357e-01
   2.7064998e-01   2.2200480e-01   1.9786650e-01   2.0151238e-01   1.3176633e-01
   2.7068102e-01   2.2177641e-01   1.9780878e-01   2.0178649e-01   1.3190898e-01
   2.7071205e-01   2.2154825e-01   1.9775108e-01   2.0206097e-01   1.3205151e-01
   2.7074310e-01   2.2132032e-01   1.9769339e-01   2.0233583e-01   1.3219394e-01
   2.7077414e-01   2.2109263e-01   1.9763572e-01   2.0261106e-01   1.3233626e-01
   2.7080519e-01   2.2086518e-01   1.9757807e-01   2.0288666e-01   1.3247847e-01
   2.7083625e-01   2.2063795e-01   1.9752043e-01   2.0316264e-01   1.3262057e-01
   2.7086730e-01   2.2041097e-01   1.9746281e-01   2.0343899e-01   1.3276256e-01
   2.7089836e-01   2.2018421e-01   1.9740521e-01   2.0371572e-01   1.3290444e-01
   2.7092943e-01   2.1995769e-01   1.9734763e-01   2.0399283e-01   1.3304622e-01
   2.7096049e-01   2.1973140e-01   1.9729006e-01   2.0427031e-01   1.3318788e-01
   2.7099157e-01   2.1950534e-01   1.9723251e-01   2.0454817e-01   1.3332944e-01
   2.7102264e-01   2.1927952e-01   1.9717497e-01   2.0482641e-01   1.3347089e-01
   2.7105372e-01   2.1905393e-01   1.9711746e-01   2.0510503e-01   1.3361223e-01
   2.7108480e-01   2.1882857e-01   1.9705995e-01   2.0538402e-01   1.3375346e-01
   2.7111589e-01   2.1860344e-01   1.9700247e-01   2.0566340e-01   1.3389459e-01
   2.7114697e-01   2.1837855e-01   1.9694500e-01   2.0594315e-01   1.3403560e-01
   2.7117807e-01   2.1815388e-01   1.9688755e-01   2.0622329e-01   1.3417651e-01
   2.7120916e-01   2.1792945e-01   1.9683012e-01   2.0650381e-01   1.3431732e-01
   2.7124026e-01   2.1770525e-01   1.9677270e-01   2.0678471e-01   1.3445801e-01
   2.7127137e-01   2.1748128e-01   1.9671530e-01   2.0706599e-01   1.3459860e-01
   2.7130247e-01   2.1725754e-01   1.9665792e-01   2.0734765e-01   1.3473908e-01
   2.7133358e-01   2.1703403e-01   1.9660055e-01   2.0762970e-01   1.3487946e-01
   2.7136470e-01   2.1681075e-01   1.9654320e-01   2.0791213e-01   1.3501973e-01
   2.7139581e-01   2.1658769e-01   1.9648587e-01   2.0819494e-01   1.3515989e-01
   2.7142693e-01   2.1636487e-01   1.9642855e-01   2.0847814e-01   1.3529994e-01
   2.7145806e-01   2.1614228e-01   1.9637125e-01   2.0876172e-01   1.3543989e-01
   2.7148919e-01   2.1591992e-01   1.9631397e-01   2.0904569e-01   1.3557974e-01
   2.7152032e-01   2.1569778e-01   1.9625670e-01   2.0933005e-01   1.3571947e-01
   2.7155145e-01   2.1547588e-01   1.9619945e-01   2.0961479e-01   1.3585911e-01
   2.7158259e-01   2.1525420e-01   1.9614222e-01   2.0989992e-01   1.3599863e-01
   2.7161373e-01   2.1503275e-01   1.9608500e-01   2.1018544e-01   1.3613805e-01
   2.7164488e-01   2.1481153e-01   1.9602780e-01   2.1047135e-01   1.3627737e-01
   2.7167603e-01   2.1459053e-01   1.9597062e-01   2.1075764e-01   1.3641658e-01
   2.7170718e-01   2.1436976e-01   1.9591345e-01   2.1104433e-01   1.3655568e-01
   2.7173834e-01   2.1414922e-01   1.9585630e-01   2.1133140e-01   1.3669468e-01
   2.7176950e-01   2.1392891e-01   1.9579917e-01   2.1161887e-01   1.3683358e-01
   2.7180066e-01   2.1370883e-01   1.9574205e-01   2.1190672e-01   1.3697237e-01
   2.7183183e-01   2.1348897e-01   1.9568495e-01   2.1219497e-01   1.3711106e-01
   2.7186300e-01   2.1326933e-01   1.9562787e-01   2.1248361e-01   1.3724964e-01
   2.7189418e-01   2.1304992e-01   1.9557080e-01   2.1277264e-01   1.3738812e-01
   2.7192535e-01   2.1283074e-01   1.9551375e-01   2.1306207e-01   1.3752649e-01
   2.7195654e-01   2.1261179e-01   1.9545672e-01   2.1335189e-01   1.3766476e-01
   2.7198772e-01   2.1239305e-01   1.9539970e-01   2.1364210e-01   1.3780293e-01
   2.7201891e-01   2.1217455e-01   1.9534270e-01   2.1393271e-01   1.3794099e-01
   2.7205010e-01   2.1195627e-01   1.9528572e-01   2.1422371e-01   1.3807895e-01
   2.7208130e-01   2.1173821e-01   1.9522875e-01   2.1451511e-01   1.3821681e-01
   2.7211250e-01   2.1152038e-01   1.9517180e-01   2.1480691e-01   1.3835456e-01
   2.7214370e-01   2.1130277e-01   1.9511487e-01   2.1509910e-01   1.3849221e-01
   2.7217491e-01   2.1108538e-01   1.9505795e-01   2.1539169e-01   1.3862975e-01
   2.7220612e-01   2.1086822e-01   1.9500105e-01   2.1568468e-01   1.3876720e-01
   2.7223733e-01   2.1065128e-01   1.9494417e-01   2.1597807e-01   1.3890454e-01
   2.7226855e-01   2.1043457e-01   1.9488730e-01   2.1627185e-01   1.3904178e-01
   2.7229977e-01   2.1021808e-01   1.9483045e-01   2.1656604e-01   1.3917891e-01
   2.7233100e-01   2.1000181e-01   1.9477362e-01   2.1686062e-01   1.3931595e-01
   2.7236222e-01   2.0978576e-01   1.9471680e-01   2.1715561e-01   1.3945288e-01
   2.7239346e-01   2.0956994e-01   1.9466000e-01   2.1745100e-01   1.3958971e-01
   2.7242469e-01   2.0935434e-01   1.9460321e-01   2.1774679e-01   1.3972643e-01
   2.7245593e-01   2.0913896e-01   1.9454645e-01   2.1804298e-01   1.3986306e-01
   2.7248717e-01   2.0892380e-01   1.9448969e-01   2.1833957e-01   1.3999958e-01
   2.7251842e-01   2.0870886e-01   1.9443296e-01   2.1863657e-01   1.4013601e-01
   2.7254967e-01   2.0849415e-01   1.9437624e-01   2.1893397e-01   1.4027233e-01
   2.7258092e-01   2.0827965e-01   1.9431954e-01   2.1923178e-01   1.4040855e-01
   2.7261218e-01   2.0806538e-01   1.9426286e-01   2.1952999e-01   1.4054467e-01
   2.7264344e-01   2.0785132e-01   1.9420619e-01   2.1982861e-01   1.4068069e-01
   2.7267470e-01   2.0763749e-01   1.9414954e-01   2.2012763e-01   1.4081660e-01
   2.7270597e-01   2.0742387e-01   1.9409290e-01   2.2042706e-01   1.4095242e-01
   2.7273724e-01   2.0721048e-01   1.9403628e-01   2.2072690e-01   1.4108814e-01
   2.7276852e-01   2.0699731e-01   1.9397968e-01   2.2102715e-01   1.4122375e-01
   2.7279979e-01   2.0678435e-01   1.9392309e-01   2.2132780e-01   1.4135927e-01
   2.7283108e-01   2.0657161e-01   1.9386653e-01   2.2162886e-01   1.4149468e-01
   2.7286236e-01   2.0635910e-01   1.9380997e-01   2.2193034e-01   1.4163000e-01
   2.7289365e-01   2.0614680e-01   1.9375344e-01   2.2223222e-01   1.4176522e-01
   2.7292494e-01   2.0593472e-01   1.9369692e-01   2.2253451e-01   1.4190033e-01
   2.7295624e-01   2.0572286e-01   1.9364041e-01   2.2283722e-01   1.4203535e-01
   2.7298754e-01   2.0551121e-01   1.9358393e-01   2.2314033e-01   1.4217026e-01
   2.7301884e-01   2.0529979e-01   1.9352746e-01   2.2344386e-01   1.4230508e-01
   2.7305015e-01   2.0508858e-01   1.9347100e-01   2.2374780e-01   1.4243980e-01
   2.7308146e-01   2.0487759e-01   1.9341456e-01   2.2405216e-01   1.4257442e-01
   2.7311277e-01   2.0466681e-01   1.9335814e-01   2.2435693e-01   1.4270894e-01
   2.7314409e-01   2.0445625e-01   1.9330174e-01   2.2466211e-01   1.4284336e-01
   2.7317541e-01   2.0424591e-01   1.9324535e-01   2.2496771e-01   1.4297769e-01
   2.7320674e-01   2.0403579e-01   1.9318898e-01   2.2527372e-01   1.4311191e-01
   2.7323807e-01   2.0382588e-01   1.9313263e-01   2.2558015e-01   1.4324604e-01
   2.7326940e-01   2.0361619e-01   1.9307629e-01   2.2588700e-01   1.4338007e-01
   2.7330074e-01   2.0340671e-01   1.9301996e-01   2.2619427e-01   1.4351400e-01
   2.7333207e-01   2.0319745e-01   1.9296366e-01   2.2650195e-01   1.4364783e-01
   2.7336342e-01   2.0298840e-01   1.9290737e-01   2.2681005e-01   1.4378156e-01
   2.7339476e-01   2.0277957e-01   1.9285110e-01   2.2711857e-01   1.4391520e-01
   2.7342611e-01   2.0257096e-01   1.9279484e-01   2.2742751e-01   1.4404874e-01
   2.7345747e-01   2.0236255e-01   1.9273860e-01   2.2773687e-01   1.4418218e-01
   2.7348883e-01   2.0215437e-01   1.9268238e-01   2.2804665e-01   1.4431552e-01
   2.7352019e-01   2.0194639e-01   1.9262617e-01   2.2835685e-01   1.4444877e-01
   2.7355155e-01   2.0173863e-01   1.9256998e-01   2.2866748e-01   1.4458192e-01
   2.7358292e-01   2.0153109e-01   1.9251380e-01   2.2897852e-01   1.4471497e-01
   2.7361429e-01   2.0132376e-01   1.9245765e-01   2.2928999e-01   1.4484793e-01
   2.7364567e-01   2.0111664e-01   1.9240150e-01   2.2960189e-01   1.4498079e-01
   2.7367705e-01   2.0090973e-01   1.9234538e-01   2.2991420e-01   1.4511355e-01
   2.7370843e-01   2.0070304e-01   1.9228927e-01   2.3022695e-01   1.4524622e-01
   2.7373981e-01   2.0049656e-01   1.9223318e-01   2.3054012e-01   1.4537879e-01
   2.7377120e-01   2.0029029e-01   1.9217710e-01   2.3085371e-01   1.4551126e-01
   2.7380260e-01   2.0008424e-01   1.9212104e-01   2.3116773e-01   1.4564364e-01
   2.7383399e-01   1.9987840e-01   1.9206500e-01   2.3148218e-01   1.4577592e-01
   2.7386539e-01   1.9967276e-01   1.9200897e-01   2.3179705e-01   1.4590811e-01
   2.7389680e-01   1.9946734e-01   1.9195296e-01   2.3211236e-01   1.4604020e-01
   2.7392821e-01   1.9926214e-01   1.9189696e-01   2.3242809e-01   1.4617219e-01
   2.7395962e-01   1.9905714e-01   1.9184099e-01   2.3274425e-01   1.4630409e-01
   2.7399103e-01   1.9885235e-01   1.9178502e-01   2.3306084e-01   1.4643590e-01
   2.7402245e-01   1.9864778e-01   1.9172908e-01   2.3337787e-01   1.4656761e-01
   2.7405387e-01   1.9844341e-01   1.9167315e-01   2.3369532e-01   1.4669922e-01
   2.7408530e-01   1.9823926e-01   1.9161724e-01   2.3401321e-01   1.4683074e-01
   2.7411673e-01   1.9803531e-01   1.9156134e-01   2.3433153e-01   1.4696217e-01
   2.7414816e-01   1.9783158e-01   1.9150546e-01   2.3465028e-01   1.4709350e-01
   2.7417960e-01   1.9762805e-01   1.9144960e-01   2.3496946e-01   1.4722473e-01
   2.7421104e-01   1.9742473e-01   1.9139375e-01   2.3528908e-01   1.4735587e-01
   2.7424248e-01   1.9722163e-01   1.9133792e-01   2.3560913e-01   1.4748692e-01
   2.7427393e-01   1.9701873e-01   1.9128210e-01   2.3592962e-01   1.4761787e-01
   2.7430538e-01   1.9681604e-01   1.9122630e-01   2.3625055e-01   1.4774873e-01
   2.7433683e-01   1.9661356e-01   1.9117052e-01   2.3657191e-01   1.4787950e-01
   2.7436829e-01   1.9641128e-01   1.9111475e-01   2.3689371e-01   1.4801017e-01
   2.7439975e-01   1.9620922e-01   1.9105900e-01   2.3721595e-01   1.4814075e-01
   2.7443122e-01   1.9600736e-01   1.9100327e-01   2.3753862e-01   1.4827123e-01
   2.7446269e-01   1.9580571e-01   1.9094755e-01   2.3786173e-01   1.4840162e-01
   2.7449416e-01   1.9560427e-01   1.9089185e-01   2.3818529e-01   1.4853192e-01
   2.7452564e-01   1.9540304e-01   1.9083617e-01   2.3850928e-01   1.4866213e-01
   2.7455712e-01   1.9520201e-01   1.9078050e-01   2.3883372e-01   1.4879224e-01
   2.7458860e-01   1.9500119e-01   1.9072485e-01   2.3915859e-01   1.4892226e-01
   2.7462009e-01   1.9480058e-01   1.9066921e-01   2.3948391e-01   1.4905218e-01
   2.7465158e-01   1.9460017e-01   1.9061359e-01   2.3980967e-01   1.4918202e-01
   2.7468307e-01   1.9439997e-01   1.9055799e-01   2.4013587e-01   1.4931176e-01
   2.7471457e-01   1.9419997e-01   1.9050240e-01   2.4046252e-01   1.4944141e-01
   2.7474607e-01   1.9400018e-01   1.9044683e-01   2.4078961e-01   1.4957096e-01
   2.7477758e-01   1.9380060e-01   1.9039127e-01   2.4111715e-01   1.4970043e-01
   2.7480909e-01   1.9360122e-01   1.9033573e-01   2.4144513e-01   1.4982980e-01
   2.7484060e-01   1.9340205e-01   1.9028021e-01   2.4177355e-01   1.4995908e-01
   2.7487211e-01   1.9320308e-01   1.9022470e-01   2.4210243e-01   1.5008827e-01
   2.7490363e-01   1.9300431e-01   1.9016921e-01   2.4243175e-01   1.5021737e-01
   2.7493516e-01   1.9280575e-01   1.9011374e-01   2.4276152e-01   1.5034637e-01
   2.7496668e-01   1.9260740e-01   1.9005828e-01   2.4309174e-01   1.5047529e-01
   2.7499821e-01   1.9240925e-01   1.9000284e-01   2.4342241e-01   1.5060411e-01
   2.7502975e-01   1.9221130e-01   1.8994741e-01   2.4375352e-01   1.5073285e-01
   2.7506129e-01   1.9201356e-01   1.8989200e-01   2.4408509e-01   1.5086149e-01
   2.7509283e-01   1.9181602e-01   1.8983661e-01   2.4441711e-01   1.5099004e-01
   2.7512437e-01   1.9161868e-01   1.8978123e-01   2.4474958e-01   1.5111850e-01
   2.7515592e-01   1.9142155e-01   1.8972587e-01   2.4508250e-01   1.5124687e-01
   2.7518747e-01   1.9122461e-01   1.8967053e-01   2.4541588e-01   1.5137515e-01
   2.7521903e-01   1.9102789e-01   1.8961520e-01   2.4574971e-01   1.5150333e-01
   2.7525059e-01   1.9083136e-01   1.8955989e-01   2.4608399e-01   1.5163143e-01
   2.7528215e-01   1.9063504e-01   1.8950459e-01   2.4641873e-01   1.5175944e-01
   2.7531372e-01   1.9043891e-01   1.8944931e-01   2.4675392e-01   1.5188736e-01
   2.7534529e-01   1.9024299e-01   1.8939405e-01   2.4708957e-01   1.5201519e-01
   2.7537686e-01   1.9004728e-01   1.8933880e-01   2.4742568e-01   1.5214292e-01
   2.7540844e-01   1.8985176e-01   1.8928357e-01   2.4776224e-01   1.5227057e-01
   2.7544002e-01   1.8965644e-01   1.8922835e-01   2.4809926e-01   1.5239813e-01
   2.7547160e-01   1.8946133e-01   1.8917315e-01   2.4843674e-01   1.5252560e-01
   2.7550319e-01   1.8926641e-01   1.8911797e-01   2.4877468e-01   1.5265298e-01
   2.7553478e-01   1.8907170e-01   1.8906280e-01   2.4911307e-01   1.5278028e-01
   2.7556638e-01   1.8887718e-01   1.8900765e-01   2.4945193e-01   1.5290748e-01
   2.7559798e-01   1.8868287e-01   1.8895251e-01   2.4979125e-01   1.5303459e-01
   2.7562958e-01   1.8848876e-01   1.8889739e-01   2.5013103e-01   1.5316162e-01
   2.7566119e-01   1.8829484e-01   1.8884229e-01   2.5047127e-01   1.5328855e-01
   2.7569280e-01   1.8810113e-01   1.8878720e-01   2.5081198e-01   1.5341540e-01
   2.7572441e-01   1.8790761e-01   1.8873213e-01   2.5115315e-01   1.5354216e-01
   2.7575603e-01   1.8771430e-01   1.8867708e-01   2.5149478e-01   1.5366883e-01
   2.7578765e-01   1.8752118e-01   1.8862204e-01   2.5183688e-01   1.5379541e-01
   2.7581928e-01   1.8732826e-01   1.8856702e-01   2.5217944e-01   1.5392191e-01
   2.7585090e-01   1.8713554e-01   1.8851201e-01   2.5252247e-01   1.5404831e-01
   2.7588254e-01   1.8694302e-01   1.8845702e-01   2.5286597e-01   1.5417463e-01
   2.7591417e-01   1.8675070e-01   1.8840204e-01   2.5320993e-01   1.5430087e-01
   2.7594581e-01   1.8655857e-01   1.8834708e-01   2.5355436e-01   1.5442701e-01
   2.7597745e-01   1.8636664e-01   1.8829214e-01   2.5389926e-01   1.5455307e-01
   2.7600910e-01   1.8617491e-01   1.8823721e-01   2.5424463e-01   1.5467903e-01
   2.7604075e-01   1.8598338e-01   1.8818230e-01   2.5459047e-01   1.5480492e-01
   2.7607240e-01   1.8579204e-01   1.8812741e-01   2.5493678e-01   1.5493071e-01
   2.7610406e-01   1.8560090e-01   1.8807253e-01   2.5528356e-01   1.5505642e-01
   2.7613572e-01   1.8540996e-01   1.8801767e-01   2.5563081e-01   1.5518204e-01
   2.7616738e-01   1.8521921e-01   1.8796282e-01   2.5597853e-01   1.5530757e-01
   2.7619905e-01   1.8502866e-01   1.8790799e-01   2.5632673e-01   1.5543302e-01
   2.7623072e-01   1.8483831e-01   1.8785318e-01   2.5667540e-01   1.5555838e-01
   2.7626240e-01   1.8464815e-01   1.8779838e-01   2.5702454e-01   1.5568366e-01
   2.7629408e-01   1.8445819e-01   1.8774360e-01   2.5737416e-01   1.5580884e-01
   2.7632576e-01   1.8426842e-01   1.8768883e-01   2.5772426e-01   1.5593395e-01
   2.7635745e-01   1.8407885e-01   1.8763408e-01   2.5807483e-01   1.5605896e-01
   2.7638914e-01   1.8388947e-01   1.8757934e-01   2.5842588e-01   1.5618389e-01
   2.7642083e-01   1.8370029e-01   1.8752463e-01   2.5877741e-01   1.5630874e-01
   2.7645253e-01   1.8351130e-01   1.8746992e-01   2.5912941e-01   1.5643350e-01
   2.7648423e-01   1.8332251e-01   1.8741524e-01   2.5948189e-01   1.5655817e-01
   2.7651593e-01   1.8313391e-01   1.8736057e-01   2.5983485e-01   1.5668276e-01
   2.7654764e-01   1.8294550e-01   1.8730591e-01   2.6018830e-01   1.5680726e-01
   2.7657935e-01   1.8275729e-01   1.8725127e-01   2.6054222e-01   1.5693168e-01
   2.7661107e-01   1.8256927e-01   1.8719665e-01   2.6089662e-01   1.5705601e-01
   2.7664279e-01   1.8238145e-01   1.8714204e-01   2.6125151e-01   1.5718025e-01
   2.7667451e-01   1.8219382e-01   1.8708745e-01   2.6160688e-01   1.5730442e-01
   2.7670624e-01   1.8200638e-01   1.8703287e-01   2.6196273e-01   1.5742849e-01
   2.7673797e-01   1.8181913e-01   1.8697832e-01   2.6231907e-01   1.5755249e-01
   2.7676970e-01   1.8163208e-01   1.8692377e-01   2.6267589e-01   1.5767640e-01
   2.7680144e-01   1.8144522e-01   1.8686924e-01   2.6303320e-01   1.5780022e-01
   2.7683318e-01   1.8125855e-01   1.8681473e-01   2.6339099e-01   1.5792396e-01
   2.7686492e-01   1.8107208e-01   1.8676024e-01   2.6374927e-01   1.5804761e-01
   2.7689667e-01   1.8088580e-01   1.8670576e-01   2.6410804e-01   1.5817119e-01
   2.7692842e-01   1.8069970e-01   1.8665129e-01   2.6446729e-01   1.5829467e-01
   2.7696018e-01   1.8051380e-01   1.8659685e-01   2.6482704e-01   1.5841808e-01
   2.7699194e-01   1.8032809e-01   1.8654241e-01   2.6518727e-01   1.5854140e-01
   2.7702370e-01   1.8014257e-01   1.8648800e-01   2.6554799e-01   1.5866463e-01
   2.7705547e-01   1.7995725e-01   1.8643360e-01   2.6590921e-01   1.5878779e-01
   2.7708723e-01   1.7977211e-01   1.8637921e-01   2.6627091e-01   1.5891086e-01
   2.7711901e-01   1.7958716e-01   1.8632484e-01   2.6663311e-01   1.5903384e-01
   2.7715079e-01   1.7940241e-01   1.8627049e-01   2.6699580e-01   1.5915674e-01
   2.7718257e-01   1.7921784e-01   1.8621615e-01   2.6735898e-01   1.5927956e-01
   2.7721435e-01   1.7903347e-01   1.8616183e-01   2.6772266e-01   1.5940230e-01
   2.7724614e-01   1.7884928e-01   1.8610753e-01   2.6808683e-01   1.5952496e-01
   2.7727793e-01   1.7866528e-01   1.8605324e-01   2.6845150e-01   1.5964753e-01
   2.7730973e-01   1.7848147e-01   1.8599897e-01   2.6881666e-01   1.5977002e-01
   2.7734153e-01   1.7829786e-01   1.8594471e-01   2.6918232e-01   1.5989242e-01
   2.7737333e-01   1.7811443e-01   1.8589047e-01   2.6954848e-01   1.6001475e-01
   2.7740513e-01   1.7793118e-01   1.8583624e-01   2.6991514e-01   1.6013699e-01
   2.7743694e-01   1.7774813e-01   1.8578203e-01   2.7028229e-01   1.6025915e-01
   2.7746876e-01   1.7756527e-01   1.8572784e-01   2.7064994e-01   1.6038123e-01
   2.7750058e-01   1.7738259e-01   1.8567366e-01   2.7101810e-01   1.6050322e-01
   2.7753240e-01   1.7720010e-01   1.8561949e-01   2.7138675e-01   1.6062514e-01
   2.7756422e-01   1.7701780e-01   1.8556535e-01   2.7175591e-01   1.6074697e-01
   2.7759605e-01   1.7683569e-01   1.8551122e-01   2.7212557e-01   1.6086872e-01
   2.7762788e-01   1.7665376e-01   1.8545710e-01   2.7249573e-01   1.6099039e-01
   2.7765972e-01   1.7647203e-01   1.8540300e-01   2.7286639e-01   1.6111198e-01
   2.7769156e-01   1.7629047e-01   1.8534892e-01   2.7323756e-01   1.6123348e-01
   2.7772340e-01   1.7610911e-01   1.8529485e-01   2.7360923e-01   1.6135491e-01
   2.7775525e-01   1.7592793e-01   1.8524080e-01   2.7398141e-01   1.6147626e-01
   2.7778710e-01   1.7574694e-01   1.8518676e-01   2.7435410e-01   1.6159752e-01
   2.7781895e-01   1.7556614e-01   1.8513274e-01   2.7472729e-01   1.6171870e-01
   2.7785081e-01   1.7538552e-01   1.8507873e-01   2.7510099e-01   1.6183981e-01
   2.7788267e-01   1.7520508e-01   1.8502475e-01   2.7547520e-01   1.6196083e-01
   2.7791453e-01   1.7502483e-01   1.8497077e-01   2.7584992e-01   1.6208177e-01
   2.7794640e-01   1.7484477e-01   1.8491681e-01   2.7622514e-01   1.6220263e-01
   2.7797827e-01   1.7466489e-01   1.8486287e-01   2.7660088e-01   1.6232341e-01
   2.7801015e-01   1.7448520e-01   1.8480895e-01   2.7697713e-01   1.6244411e-01
   2.7804203e-01   1.7430569e-01   1.8475504e-01   2.7735389e-01   1.6256473e-01
   2.7807391e-01   1.7412637e-01   1.8470114e-01   2.7773116e-01   1.6268527e-01
   2.7810580e-01   1.7394723e-01   1.8464726e-01   2.7810895e-01   1.6280573e-01
   2.7813769e-01   1.7376828e-01   1.8459340e-01   2.7848725e-01   1.6292612e-01
   2.7816958e-01   1.7358951e-01   1.8453955e-01   2.7886606e-01   1.6304642e-01
   2.7820148e-01   1.7341092e-01   1.8448572e-01   2.7924539e-01   1.6316664e-01
   2.7823338e-01   1.7323252e-01   1.8443190e-01   2.7962524e-01   1.6328678e-01
   2.7826529e-01   1.7305430e-01   1.8437810e-01   2.8000560e-01   1.6340685e-01
   2.7829720e-01   1.7287627e-01   1.8432432e-01   2.8038648e-01   1.6352683e-01
   2.7832911e-01   1.7269842e-01   1.8427055e-01   2.8076788e-01   1.6364674e-01
   2.7836102e-01   1.7252075e-01   1.8421679e-01   2.8114980e-01   1.6376657e-01
   2.7839294e-01   1.7234326e-01   1.8416306e-01   2.8153223e-01   1.6388631e-01
   2.7842487e-01   1.7216596e-01   1.8410933e-01   2.8191519e-01   1.6400598e-01
   2.7845679e-01   1.7198884e-01   1.8405563e-01   2.8229867e-01   1.6412557e-01
   2.7848872e-01   1.7181190e-01   1.8400194e-01   2.8268267e-01   1.6424509e-01
   2.7852066e-01   1.7163514e-01   1.8394826e-01   2.8306719e-01   1.6436452e-01
   2.7855260e-01   1.7145856e-01   1.8389460e-01   2.8345223e-01   1.6448388e-01
   2.7858454e-01   1.7128217e-01   1.8384096e-01   2.8383780e-01   1.6460315e-01
   2.7861648e-01   1.7110596e-01   1.8378733e-01   2.8422389e-01   1.6472235e-01
   2.7864843e-01   1.7092993e-01   1.8373372e-01   2.8461051e-01   1.6484148e-01
   2.7868038e-01   1.7075408e-01   1.8368012e-01   2.8499765e-01   1.6496052e-01
   2.7871234e-01   1.7057841e-01   1.8362654e-01   2.8538532e-01   1.6507949e-01
   2.7874430e-01   1.7040292e-01   1.8357297e-01   2.8577352e-01   1.6519837e-01
   2.7877626e-01   1.7022761e-01   1.8351942e-01   2.8616225e-01   1.6531718e-01
   2.7880823e-01   1.7005249e-01   1.8346589e-01   2.8655150e-01   1.6543592e-01
   2.7884020e-01   1.6987754e-01   1.8341237e-01   2.8694129e-01   1.6555457e-01
   2.7887218e-01   1.6970277e-01   1.8335887e-01   2.8733160e-01   1.6567315e-01
   2.7890416e-01   1.6952818e-01   1.8330538e-01   2.8772245e-01   1.6579166e-01
   2.7893614e-01   1.6935378e-01   1.8325191e-01   2.8811382e-01   1.6591008e-01
   2.7896812e-01   1.6917955e-01   1.8319845e-01   2.8850573e-01   1.6602843e-01
   2.7900011e-01   1.6900550e-01   1.8314501e-01   2.8889817e-01   1.6614670e-01
   2.7903211e-01   1.6883163e-01   1.8309159e-01   2.8929115e-01   1.6626490e-01
   2.7906410e-01   1.6865794e-01   1.8303818e-01   2.8968466e-01   1.6638301e-01
   2.7909610e-01   1.6848443e-01   1.8298478e-01   2.9007871e-01   1.6650106e-01
   2.7912811e-01   1.6831109e-01   1.8293141e-01   2.9047329e-01   1.6661902e-01
   2.7916011e-01   1.6813794e-01   1.8287804e-01   2.9086841e-01   1.6673691e-01
   2.7919212e-01   1.6796496e-01   1.8282469e-01   2.9126406e-01   1.6685473e-01
   2.7922414e-01   1.6779216e-01   1.8277136e-01   2.9166026e-01   1.6697246e-01
   2.7925616e-01   1.6761954e-01   1.8271805e-01   2.9205699e-01   1.6709012e-01
   2.7928818e-01   1.6744709e-01   1.8266475e-01   2.9245426e-01   1.6720771e-01
   2.7932021e-01   1.6727483e-01   1.8261146e-01   2.9285208e-01   1.6732522e-01
   2.7935224e-01   1.6710274e-01   1.8255819e-01   2.9325043e-01   1.6744265e-01
   2.7938427e-01   1.6693083e-01   1.8250494e-01   2.9364933e-01   1.6756001e-01
   2.7941631e-01   1.6675909e-01   1.8245170e-01   2.9404877e-01   1.6767730e-01
   2.7944835e-01   1.6658753e-01   1.8239848e-01   2.9444875e-01   1.6779450e-01
   2.7948039e-01   1.6641615e-01   1.8234527e-01   2.9484928e-01   1.6791164e-01
   2.7951244e-01   1.6624494e-01   1.8229208e-01   2.9525035e-01   1.6802870e-01
   2.7954449e-01   1.6607391e-01   1.8223890e-01   2.9565196e-01   1.6814568e-01
   2.7957655e-01   1.6590306e-01   1.8218574e-01   2.9605413e-01   1.6826259e-01
   2.7960861e-01   1.6573238e-01   1.8213259e-01   2.9645684e-01   1.6837942e-01
   2.7964067e-01   1.6556188e-01   1.8207947e-01   2.9686009e-01   1.6849618e-01
   2.7967273e-01   1.6539155e-01   1.8202635e-01   2.9726390e-01   1.6861286e-01
   2.7970480e-01   1.6522140e-01   1.8197325e-01   2.9766826e-01   1.6872947e-01
   2.7973688e-01   1.6505142e-01   1.8192017e-01   2.9807316e-01   1.6884601e-01
   2.7976896e-01   1.6488162e-01   1.8186710e-01   2.9847862e-01   1.6896247e-01
   2.7980104e-01   1.6471199e-01   1.8181405e-01   2.9888463e-01   1.6907886e-01
   2.7983312e-01   1.6454254e-01   1.8176101e-01   2.9929119e-01   1.6919517e-01
   2.7986521e-01   1.6437326e-01   1.8170799e-01   2.9969830e-01   1.6931141e-01
   2.7989730e-01   1.6420416e-01   1.8165498e-01   3.0010597e-01   1.6942758e-01
   2.7992940e-01   1.6403523e-01   1.8160199e-01   3.0051419e-01   1.6954367e-01
   2.7996150e-01   1.6386647e-01   1.8154902e-01   3.0092296e-01   1.6965969e-01
   2.7999360e-01   1.6369789e-01   1.8149606e-01   3.0133230e-01   1.6977563e-01
   2.8002571e-01   1.6352948e-01   1.8144312e-01   3.0174219e-01   1.6989150e-01
   2.8005782e-01   1.6336124e-01   1.8139019e-01   3.0215263e-01   1.7000730e-01
   2.8008993e-01   1.6319318e-01   1.8133727e-01   3.0256364e-01   1.7012302e-01
   2.8012205e-01   1.6302529e-01   1.8128438e-01   3.0297520e-01   1.7023868e-01
   2.8015417e-01   1.6285757e-01   1.8123149e-01   3.0338733e-01   1.7035425e-01
   2.8018630e-01   1.6269002e-01   1.8117863e-01   3.0380001e-01   1.7046976e-01
   2.8021843e-01   1.6252265e-01   1.8112577e-01   3.0421326e-01   1.7058519e-01
   2.8025056e-01   1.6235545e-01   1.8107294e-01   3.0462707e-01   1.7070055e-01
   2.8028269e-01   1.6218842e-01   1.8102012e-01   3.0504144e-01   1.7081584e-01
   2.8031483e-01   1.6202157e-01   1.8096731e-01   3.0545638e-01   1.7093106e-01
   2.8034698e-01   1.6185488e-01   1.8091452e-01   3.0587188e-01   1.7104620e-01
   2.8037913e-01   1.6168837e-01   1.8086175e-01   3.0628794e-01   1.7116127e-01
   2.8041128e-01   1.6152203e-01   1.8080899e-01   3.0670457e-01   1.7127627e-01
   2.8044343e-01   1.6135585e-01   1.8075625e-01   3.0712177e-01   1.7139119e-01
   2.8047559e-01   1.6118985e-01   1.8070352e-01   3.0753953e-01   1.7150605e-01
   2.8050775e-01   1.6102402e-01   1.8065080e-01   3.0795787e-01   1.7162083e-01
   2.8053992e-01   1.6085837e-01   1.8059811e-01   3.0837677e-01   1.7173554e-01
   2.8057209e-01   1.6069288e-01   1.8054542e-01   3.0879624e-01   1.7185018e-01
   2.8060426e-01   1.6052756e-01   1.8049276e-01   3.0921628e-01   1.7196475e-01
