   8.5687505e-03   0.0000000e+00   9.9962651e-01   0.0000000e+00   2.7454677e-03
   9.7575650e-03   1.1302572e-02   9.7261919e-01   1.3262348e-02   3.6377067e-03
   1.0935580e-02   2.2107964e-02   9.4682956e-01   2.5787679e-02   4.5233455e-03
   1.2102890e-02   3.2401054e-02   9.2220159e-01   3.7556708e-02   5.4024414e-03
   1.3259588e-02   4.2206091e-02   8.9868188e-01   4.8615349e-02   6.2750513e-03
   1.4405765e-02   5.1546173e-02   8.7621946e-01   5.9006730e-02   7.1412313e-03
   1.5541513e-02   6.0443304e-02   8.5476571e-01   6.8771360e-02   8.0010374e-03
   1.6666922e-02   6.8918450e-02   8.3427424e-01   7.7947289e-02   8.8545250e-03
   1.7782083e-02   7.6991583e-02   8.1470082e-01   8.6570258e-02   9.7017487e-03
   1.8887083e-02   8.4681729e-02   7.9600321e-01   9.4673836e-02   1.0542763e-02
   1.9982012e-02   9.2007014e-02   7.7814117e-01   1.0228956e-01   1.1377622e-02
   2.1066957e-02   9.8984707e-02   7.6107626e-01   1.0944704e-01   1.2206380e-02
   2.2142003e-02   1.0563126e-01   7.4477185e-01   1.1617410e-01   1.3029088e-02
   2.3207238e-02   1.1196234e-01   7.2919296e-01   1.2249687e-01   1.3845800e-02
   2.4262746e-02   1.1799289e-01   7.1430625e-01   1.2843990e-01   1.4656568e-02
   2.5308612e-02   1.2373712e-01   7.0007990e-01   1.3402624e-01   1.5461444e-02
   2.6344920e-02   1.2920858e-01   6.8648355e-01   1.3927754e-01   1.6260479e-02
   2.7371751e-02   1.3442020e-01   6.7348824e-01   1.4421416e-01   1.7053723e-02
   2.8389190e-02   1.3938426e-01   6.6106635e-01   1.4885518e-01   1.7841227e-02
   2.9397317e-02   1.4411248e-01   6.4919152e-01   1.5321856e-01   1.8623042e-02
   3.0396212e-02   1.4861602e-01   6.3783862e-01   1.5732116e-01   1.9399216e-02
   3.1385957e-02   1.5290552e-01   6.2698365e-01   1.6117881e-01   2.0169799e-02
   3.2366630e-02   1.5699111e-01   6.1660374e-01   1.6480637e-01   2.0934839e-02
   3.3338311e-02   1.6088244e-01   6.0667706e-01   1.6821782e-01   2.1694385e-02
   3.4301077e-02   1.6458869e-01   5.9718278e-01   1.7142629e-01   2.2448484e-02
   3.5255005e-02   1.6811864e-01   5.8810105e-01   1.7444408e-01   2.3197185e-02
   3.6200174e-02   1.7148063e-01   5.7941290e-01   1.7728279e-01   2.3940534e-02
   3.7136657e-02   1.7468260e-01   5.7110026e-01   1.7995328e-01   2.4678578e-02
   3.8064532e-02   1.7773213e-01   5.6314588e-01   1.8246576e-01   2.5411362e-02
   3.8983872e-02   1.8063643e-01   5.5553331e-01   1.8482984e-01   2.6138934e-02
   3.9894752e-02   1.8340238e-01   5.4824684e-01   1.8705451e-01   2.6861338e-02
   4.0797246e-02   1.8603653e-01   5.4127152e-01   1.8914826e-01   2.7578620e-02
   4.1691425e-02   1.8854511e-01   5.3459304e-01   1.9111901e-01   2.8290824e-02
   4.2577362e-02   1.9093406e-01   5.2819779e-01   1.9297425e-01   2.8997995e-02
   4.3455130e-02   1.9320905e-01   5.2207276e-01   1.9472099e-01   2.9700176e-02
   4.4324798e-02   1.9537548e-01   5.1620554e-01   1.9636581e-01   3.0397412e-02
   4.5186437e-02   1.9743847e-01   5.1058432e-01   1.9791490e-01   3.1089745e-02
   4.6040116e-02   1.9940293e-01   5.0519779e-01   1.9937408e-01   3.1777218e-02
   4.6885906e-02   2.0127352e-01   5.0003519e-01   2.0074881e-01   3.2459874e-02
   4.7723874e-02   2.0305468e-01   4.9508625e-01   2.0204421e-01   3.3137756e-02
   4.8554088e-02   2.0475065e-01   4.9034117e-01   2.0326510e-01   3.3810904e-02
   4.9376616e-02   2.0636545e-01   4.8579059e-01   2.0441600e-01   3.4479360e-02
   5.0191525e-02   2.0790293e-01   4.8142560e-01   2.0550117e-01   3.5143165e-02
   5.0998880e-02   2.0936674e-01   4.7723770e-01   2.0652460e-01   3.5802360e-02
   5.1798747e-02   2.1076038e-01   4.7321875e-01   2.0749004e-01   3.6456986e-02
   5.2591191e-02   2.1208717e-01   4.6936103e-01   2.0840100e-01   3.7107082e-02
   5.3376277e-02   2.1335026e-01   4.6565714e-01   2.0926080e-01   3.7752687e-02
   5.4154068e-02   2.1455268e-01   4.6210003e-01   2.1007255e-01   3.8393843e-02
   5.4924629e-02   2.1569730e-01   4.5868298e-01   2.1083915e-01   3.9030587e-02
   5.5688021e-02   2.1678684e-01   4.5539958e-01   2.1156337e-01   3.9662958e-02
   5.6444307e-02   2.1782393e-01   4.5224371e-01   2.1224776e-01   4.0290994e-02
   5.7193549e-02   2.1881103e-01   4.4920953e-01   2.1289475e-01   4.0914734e-02
   5.7935807e-02   2.1975052e-01   4.4629148e-01   2.1350660e-01   4.1534215e-02
   5.8671144e-02   2.2064466e-01   4.4348423e-01   2.1408547e-01   4.2149475e-02
   5.9399618e-02   2.2149557e-01   4.4078273e-01   2.1463334e-01   4.2760551e-02
   6.0121289e-02   2.2230532e-01   4.3818213e-01   2.1515210e-01   4.3367479e-02
   6.0836217e-02   2.2307586e-01   4.3567782e-01   2.1564352e-01   4.3970297e-02
   6.1544459e-02   2.2380902e-01   4.3326542e-01   2.1610926e-01   4.4569039e-02
   6.2246075e-02   2.2450660e-01   4.3094070e-01   2.1655088e-01   4.5163742e-02
   6.2941122e-02   2.2517026e-01   4.2869968e-01   2.1696985e-01   4.5754442e-02
   6.3629656e-02   2.2580162e-01   4.2653853e-01   2.1736754e-01   4.6341173e-02
   6.4311735e-02   2.2640220e-01   4.2445361e-01   2.1774525e-01   4.6923972e-02
   6.4987414e-02   2.2697346e-01   4.2244144e-01   2.1810419e-01   4.7502871e-02
   6.5656749e-02   2.2751680e-01   4.2049870e-01   2.1844549e-01   4.8077906e-02
   6.6319795e-02   2.2803352e-01   4.1862223e-01   2.1877025e-01   4.8649111e-02
   6.6976607e-02   2.2852489e-01   4.1680901e-01   2.1907944e-01   4.9216519e-02
   6.7627239e-02   2.2899211e-01   4.1505616e-01   2.1937404e-01   4.9780165e-02
   6.8271744e-02   2.2943633e-01   4.1336093e-01   2.1965491e-01   5.0340080e-02
   6.8910177e-02   2.2985862e-01   4.1172070e-01   2.1992290e-01   5.0896298e-02
   6.9542589e-02   2.3026004e-01   4.1013297e-01   2.2017880e-01   5.1448853e-02
   7.0169033e-02   2.3064156e-01   4.0859535e-01   2.2042332e-01   5.1997775e-02
   7.0789562e-02   2.3100413e-01   4.0710558e-01   2.2065718e-01   5.2543097e-02
   7.1404225e-02   2.3134865e-01   4.0566147e-01   2.2088101e-01   5.3084852e-02
   7.2013075e-02   2.3167597e-01   4.0426096e-01   2.2109542e-01   5.3623069e-02
   7.2616161e-02   2.3198690e-01   4.0290207e-01   2.2130100e-01   5.4157782e-02
   7.3213535e-02   2.3228222e-01   4.0158292e-01   2.2149827e-01   5.4689020e-02
   7.3805245e-02   2.3256267e-01   4.0030170e-01   2.2168774e-01   5.5216815e-02
   7.4391341e-02   2.3282896e-01   3.9905671e-01   2.2186989e-01   5.5741197e-02
   7.4971871e-02   2.3308175e-01   3.9784630e-01   2.2204516e-01   5.6262197e-02
   7.5546885e-02   2.3332168e-01   3.9666891e-01   2.2221397e-01   5.6779843e-02
   7.6116429e-02   2.3354936e-01   3.9552306e-01   2.2237672e-01   5.7294166e-02
   7.6680552e-02   2.3376537e-01   3.9440732e-01   2.2253377e-01   5.7805196e-02
   7.7239301e-02   2.3397027e-01   3.9332034e-01   2.2268547e-01   5.8312962e-02
   7.7792722e-02   2.3416457e-01   3.9226082e-01   2.2283216e-01   5.8817492e-02
   7.8340862e-02   2.3434879e-01   3.9122753e-01   2.2297412e-01   5.9318815e-02
   7.8883766e-02   2.3452339e-01   3.9021929e-01   2.2311165e-01   5.9816961e-02
   7.9421481e-02   2.3468884e-01   3.8923498e-01   2.2324503e-01   6.0311956e-02
   7.9954051e-02   2.3484557e-01   3.8827353e-01   2.2337450e-01   6.0803829e-02
   8.0481521e-02   2.3499398e-01   3.8733391e-01   2.2350031e-01   6.1292609e-02
   8.1003935e-02   2.3513448e-01   3.8641516e-01   2.2362267e-01   6.1778321e-02
   8.1521337e-02   2.3526743e-01   3.8551634e-01   2.2374180e-01   6.2260994e-02
   8.2033772e-02   2.3539320e-01   3.8463655e-01   2.2385789e-01   6.2740655e-02
   8.2541282e-02   2.3551212e-01   3.8377497e-01   2.2397114e-01   6.3217331e-02
   8.3043909e-02   2.3562453e-01   3.8293077e-01   2.2408170e-01   6.3691048e-02
   8.3541698e-02   2.3573072e-01   3.8210319e-01   2.2418976e-01   6.4161832e-02
   8.4034688e-02   2.3583099e-01   3.8129149e-01   2.2429546e-01   6.4629710e-02
   8.4522923e-02   2.3592562e-01   3.8049497e-01   2.2439895e-01   6.5094708e-02
   8.5006444e-02   2.3601489e-01   3.7971296e-01   2.2450036e-01   6.5556851e-02
   8.5485291e-02   2.3609903e-01   3.7894483e-01   2.2459982e-01   6.6016165e-02
   8.5959506e-02   2.3617830e-01   3.7818996e-01   2.2469745e-01   6.6472675e-02
   8.6429128e-02   2.3625293e-01   3.7744777e-01   2.2479336e-01   6.6926406e-02
   8.6894198e-02   2.3632314e-01   3.7671771e-01   2.2488766e-01   6.7377383e-02
   8.7354755e-02   2.3638913e-01   3.7599924e-01   2.2498044e-01   6.7825632e-02
   8.7810838e-02   2.3645110e-01   3.7529188e-01   2.2507180e-01   6.8271175e-02
   8.8262487e-02   2.3650925e-01   3.7459512e-01   2.2516184e-01   6.8714038e-02
   8.8709740e-02   2.3656375e-01   3.7390852e-01   2.2525062e-01   6.9154244e-02
   8.9152635e-02   2.3661479e-01   3.7323164e-01   2.2533822e-01   6.9591818e-02
   8.9591211e-02   2.3666252e-01   3.7256405e-01   2.2542473e-01   7.0026782e-02
   9.0025504e-02   2.3670709e-01   3.7190536e-01   2.2551021e-01   7.0459161e-02
   9.0455552e-02   2.3674867e-01   3.7125518e-01   2.2559471e-01   7.0888977e-02
   9.0881392e-02   2.3678738e-01   3.7061316e-01   2.2567831e-01   7.1316254e-02
   9.1303061e-02   2.3682338e-01   3.6997895e-01   2.2576105e-01   7.1741015e-02
   9.1720594e-02   2.3685678e-01   3.6935222e-01   2.2584300e-01   7.2163281e-02
   9.2134029e-02   2.3688770e-01   3.6873265e-01   2.2592420e-01   7.2583076e-02
   9.2543400e-02   2.3691627e-01   3.6811994e-01   2.2600469e-01   7.3000422e-02
   9.2948743e-02   2.3694260e-01   3.6751380e-01   2.2608453e-01   7.3415340e-02
   9.3350094e-02   2.3696679e-01   3.6691396e-01   2.2616375e-01   7.3827854e-02
   9.3747486e-02   2.3698895e-01   3.6632017e-01   2.2624239e-01   7.4237984e-02
   9.4140954e-02   2.3700917e-01   3.6573216e-01   2.2632048e-01   7.4645751e-02
   9.4530533e-02   2.3702753e-01   3.6514970e-01   2.2639807e-01   7.5051179e-02
   9.4916256e-02   2.3704414e-01   3.6457257e-01   2.2647519e-01   7.5454286e-02
   9.5298157e-02   2.3705907e-01   3.6400054e-01   2.2655186e-01   7.5855095e-02
   9.5676269e-02   2.3707241e-01   3.6343342e-01   2.2662811e-01   7.6253626e-02
   9.6050625e-02   2.3708422e-01   3.6287100e-01   2.2670397e-01   7.6649901e-02
   9.6421258e-02   2.3709459e-01   3.6231310e-01   2.2677946e-01   7.7043938e-02
   9.6788201e-02   2.3710357e-01   3.6175953e-01   2.2685462e-01   7.7435759e-02
   9.7151485e-02   2.3711124e-01   3.6121012e-01   2.2692945e-01   7.7825384e-02
   9.7511142e-02   2.3711765e-01   3.6066472e-01   2.2700398e-01   7.8212832e-02
   9.7867205e-02   2.3712287e-01   3.6012316e-01   2.2707824e-01   7.8598124e-02
   9.8219703e-02   2.3712696e-01   3.5958530e-01   2.2715223e-01   7.8981279e-02
   9.8568669e-02   2.3712996e-01   3.5905100e-01   2.2722598e-01   7.9362316e-02
   9.8914133e-02   2.3713193e-01   3.5852011e-01   2.2729950e-01   7.9741255e-02
   9.9256126e-02   2.3713291e-01   3.5799251e-01   2.2737281e-01   8.0118115e-02
   9.9594677e-02   2.3713296e-01   3.5746808e-01   2.2744591e-01   8.0492914e-02
   9.9929817e-02   2.3713212e-01   3.5694670e-01   2.2751884e-01   8.0865672e-02
   1.0026158e-01   2.3713042e-01   3.5642825e-01   2.2759159e-01   8.1236408e-02
   1.0058998e-01   2.3712792e-01   3.5591263e-01   2.2766417e-01   8.1605139e-02
   1.0091507e-01   2.3712465e-01   3.5539974e-01   2.2773661e-01   8.1971884e-02
   1.0123686e-01   2.3712064e-01   3.5488948e-01   2.2780891e-01   8.2336661e-02
   1.0155538e-01   2.3711594e-01   3.5438175e-01   2.2788108e-01   8.2699488e-02
   1.0187067e-01   2.3711056e-01   3.5387647e-01   2.2795313e-01   8.3060383e-02
   1.0218275e-01   2.3710455e-01   3.5337355e-01   2.2802507e-01   8.3419364e-02
   1.0249165e-01   2.3709794e-01   3.5287291e-01   2.2809690e-01   8.3776448e-02
   1.0279740e-01   2.3709075e-01   3.5237447e-01   2.2816864e-01   8.4131653e-02
   1.0310002e-01   2.3708301e-01   3.5187816e-01   2.2824028e-01   8.4484996e-02
   1.0339954e-01   2.3707475e-01   3.5138391e-01   2.2831185e-01   8.4836494e-02
   1.0369600e-01   2.3706600e-01   3.5089165e-01   2.2838334e-01   8.5186164e-02
   1.0398940e-01   2.3705676e-01   3.5040132e-01   2.2845475e-01   8.5534023e-02
   1.0427980e-01   2.3704708e-01   3.4991286e-01   2.2852611e-01   8.5880087e-02
   1.0456720e-01   2.3703696e-01   3.4942620e-01   2.2859740e-01   8.6224373e-02
   1.0485163e-01   2.3702644e-01   3.4894130e-01   2.2866864e-01   8.6566898e-02
   1.0513313e-01   2.3701552e-01   3.4845809e-01   2.2873983e-01   8.6907678e-02
   1.0541171e-01   2.3700424e-01   3.4797653e-01   2.2881098e-01   8.7246728e-02
   1.0568740e-01   2.3699260e-01   3.4749657e-01   2.2888208e-01   8.7584065e-02
   1.0596023e-01   2.3698062e-01   3.4701816e-01   2.2895315e-01   8.7919706e-02
   1.0623022e-01   2.3696832e-01   3.4654126e-01   2.2902418e-01   8.8253664e-02
   1.0649740e-01   2.3695571e-01   3.4606583e-01   2.2909518e-01   8.8585957e-02
   1.0676179e-01   2.3694282e-01   3.4559182e-01   2.2916615e-01   8.8916599e-02
   1.0702342e-01   2.3692964e-01   3.4511920e-01   2.2923710e-01   8.9245606e-02
   1.0728230e-01   2.3691620e-01   3.4464792e-01   2.2930803e-01   8.9572993e-02
   1.0753847e-01   2.3690251e-01   3.4417797e-01   2.2937894e-01   8.9898775e-02
   1.0779195e-01   2.3688858e-01   3.4370929e-01   2.2944983e-01   9.0222968e-02
   1.0804275e-01   2.3687442e-01   3.4324187e-01   2.2952071e-01   9.0545585e-02
   1.0829091e-01   2.3686005e-01   3.4277566e-01   2.2959157e-01   9.0866642e-02
   1.0853645e-01   2.3684547e-01   3.4231064e-01   2.2966243e-01   9.1186153e-02
   1.0877939e-01   2.3683068e-01   3.4184678e-01   2.2973327e-01   9.1504132e-02
   1.0901975e-01   2.3681572e-01   3.4138406e-01   2.2980411e-01   9.1820595e-02
   1.0925756e-01   2.3680057e-01   3.4092245e-01   2.2987495e-01   9.2135555e-02
   1.0949283e-01   2.3678525e-01   3.4046192e-01   2.2994578e-01   9.2449026e-02
   1.0972559e-01   2.3676977e-01   3.4000246e-01   2.3001662e-01   9.2761022e-02
   1.0995587e-01   2.3675414e-01   3.3954403e-01   2.3008745e-01   9.3071557e-02
   1.1018368e-01   2.3673835e-01   3.3908662e-01   2.3015828e-01   9.3380645e-02
   1.1040904e-01   2.3672243e-01   3.3863021e-01   2.3022912e-01   9.3688300e-02
   1.1063198e-01   2.3670638e-01   3.3817478e-01   2.3029996e-01   9.3994534e-02
   1.1085252e-01   2.3669020e-01   3.3772030e-01   2.3037080e-01   9.4299362e-02
   1.1107067e-01   2.3667389e-01   3.3726677e-01   2.3044165e-01   9.4602797e-02
   1.1128647e-01   2.3665747e-01   3.3681417e-01   2.3051250e-01   9.4904851e-02
   1.1149992e-01   2.3664095e-01   3.3636247e-01   2.3058337e-01   9.5205538e-02
   1.1171106e-01   2.3662432e-01   3.3591167e-01   2.3065424e-01   9.5504871e-02
   1.1191989e-01   2.3660758e-01   3.3546175e-01   2.3072512e-01   9.5802863e-02
   1.1212645e-01   2.3659076e-01   3.3501269e-01   2.3079601e-01   9.6099526e-02
   1.1233075e-01   2.3657384e-01   3.3456448e-01   2.3086692e-01   9.6394873e-02
   1.1253281e-01   2.3655684e-01   3.3411711e-01   2.3093783e-01   9.6688916e-02
   1.1273264e-01   2.3653976e-01   3.3367056e-01   2.3100876e-01   9.6981668e-02
   1.1293028e-01   2.3652260e-01   3.3322483e-01   2.3107970e-01   9.7273142e-02
   1.1312574e-01   2.3650536e-01   3.3277990e-01   2.3115065e-01   9.7563349e-02
   1.1331903e-01   2.3648806e-01   3.3233576e-01   2.3122161e-01   9.7852302e-02
   1.1351018e-01   2.3647069e-01   3.3189241e-01   2.3129259e-01   9.8140012e-02
   1.1369920e-01   2.3645325e-01   3.3144982e-01   2.3136359e-01   9.8426491e-02
   1.1388612e-01   2.3643575e-01   3.3100800e-01   2.3143460e-01   9.8711752e-02
   1.1407095e-01   2.3641820e-01   3.3056693e-01   2.3150562e-01   9.8995806e-02
   1.1425372e-01   2.3640059e-01   3.3012660e-01   2.3157666e-01   9.9278664e-02
   1.1443443e-01   2.3638293e-01   3.2968701e-01   2.3164772e-01   9.9560339e-02
   1.1461311e-01   2.3636522e-01   3.2924814e-01   2.3171880e-01   9.9840840e-02
   1.1478977e-01   2.3634746e-01   3.2881000e-01   2.3178989e-01   1.0012018e-01
   1.1496443e-01   2.3632966e-01   3.2837256e-01   2.3186099e-01   1.0039837e-01
   1.1513712e-01   2.3631181e-01   3.2793583e-01   2.3193212e-01   1.0067542e-01
   1.1530784e-01   2.3629393e-01   3.2749980e-01   2.3200326e-01   1.0095135e-01
   1.1547661e-01   2.3627600e-01   3.2706447e-01   2.3207443e-01   1.0122615e-01
   1.1564346e-01   2.3625804e-01   3.2662981e-01   2.3214561e-01   1.0149986e-01
   1.1580839e-01   2.3624005e-01   3.2619584e-01   2.3221680e-01   1.0177246e-01
   1.1597143e-01   2.3622202e-01   3.2576254e-01   2.3228802e-01   1.0204398e-01
   1.1613259e-01   2.3620395e-01   3.2532991e-01   2.3235926e-01   1.0231443e-01
   1.1629189e-01   2.3618586e-01   3.2489795e-01   2.3243051e-01   1.0258381e-01
   1.1644934e-01   2.3616774e-01   3.2446664e-01   2.3250179e-01   1.0285214e-01
   1.1660496e-01   2.3614960e-01   3.2403598e-01   2.3257308e-01   1.0311943e-01
   1.1675877e-01   2.3613142e-01   3.2360598e-01   2.3264439e-01   1.0338569e-01
   1.1691078e-01   2.3611323e-01   3.2317661e-01   2.3271573e-01   1.0365092e-01
   1.1706101e-01   2.3609501e-01   3.2274789e-01   2.3278708e-01   1.0391514e-01
   1.1720947e-01   2.3607676e-01   3.2231980e-01   2.3285845e-01   1.0417836e-01
   1.1735618e-01   2.3605850e-01   3.2189235e-01   2.3292984e-01   1.0444058e-01
   1.1750116e-01   2.3604022e-01   3.2146552e-01   2.3300126e-01   1.0470182e-01
   1.1764442e-01   2.3602192e-01   3.2103932e-01   2.3307269e-01   1.0496209e-01
   1.1778597e-01   2.3600360e-01   3.2061373e-01   2.3314414e-01   1.0522140e-01
   1.1792583e-01   2.3598526e-01   3.2018877e-01   2.3321562e-01   1.0547975e-01
   1.1806401e-01   2.3596691e-01   3.1976441e-01   2.3328711e-01   1.0573716e-01
   1.1820053e-01   2.3594854e-01   3.1934067e-01   2.3335863e-01   1.0599363e-01
   1.1833541e-01   2.3593016e-01   3.1891753e-01   2.3343016e-01   1.0624918e-01
   1.1846866e-01   2.3591176e-01   3.1849500e-01   2.3350172e-01   1.0650381e-01
   1.1860029e-01   2.3589335e-01   3.1807307e-01   2.3357330e-01   1.0675753e-01
   1.1873031e-01   2.3587493e-01   3.1765174e-01   2.3364490e-01   1.0701036e-01
   1.1885875e-01   2.3585649e-01   3.1723101e-01   2.3371652e-01   1.0726230e-01
   1.1898561e-01   2.3583805e-01   3.1681087e-01   2.3378816e-01   1.0751335e-01
   1.1911090e-01   2.3581960e-01   3.1639132e-01   2.3385982e-01   1.0776354e-01
   1.1923466e-01   2.3580113e-01   3.1597236e-01   2.3393151e-01   1.0801286e-01
   1.1935687e-01   2.3578266e-01   3.1555398e-01   2.3400321e-01   1.0826133e-01
   1.1947757e-01   2.3576417e-01   3.1513619e-01   2.3407494e-01   1.0850895e-01
   1.1959676e-01   2.3574568e-01   3.1471898e-01   2.3414668e-01   1.0875574e-01
   1.1971445e-01   2.3572718e-01   3.1430235e-01   2.3421845e-01   1.0900170e-01
   1.1983067e-01   2.3570868e-01   3.1388630e-01   2.3429024e-01   1.0924684e-01
   1.1994541e-01   2.3569016e-01   3.1347082e-01   2.3436206e-01   1.0949117e-01
   1.2005870e-01   2.3567164e-01   3.1305592e-01   2.3443389e-01   1.0973469e-01
   1.2017055e-01   2.3565311e-01   3.1264159e-01   2.3450574e-01   1.0997743e-01
   1.2028097e-01   2.3563458e-01   3.1222782e-01   2.3457762e-01   1.1021937e-01
   1.2038997e-01   2.3561604e-01   3.1181463e-01   2.3464952e-01   1.1046054e-01
   1.2049757e-01   2.3559750e-01   3.1140200e-01   2.3472144e-01   1.1070093e-01
   1.2060377e-01   2.3557895e-01   3.1098994e-01   2.3479338e-01   1.1094057e-01
   1.2070860e-01   2.3556040e-01   3.1057844e-01   2.3486534e-01   1.1117944e-01
   1.2081205e-01   2.3554184e-01   3.1016751e-01   2.3493733e-01   1.1141758e-01
   1.2091416e-01   2.3552328e-01   3.0975713e-01   2.3500934e-01   1.1165497e-01
   1.2101491e-01   2.3550472e-01   3.0934731e-01   2.3508136e-01   1.1189163e-01
   1.2111434e-01   2.3548615e-01   3.0893805e-01   2.3515341e-01   1.1212757e-01
   1.2121244e-01   2.3546758e-01   3.0852934e-01   2.3522549e-01   1.1236279e-01
   1.2130924e-01   2.3544900e-01   3.0812119e-01   2.3529758e-01   1.1259730e-01
   1.2140474e-01   2.3543043e-01   3.0771359e-01   2.3536970e-01   1.1283111e-01
   1.2149895e-01   2.3541185e-01   3.0730654e-01   2.3544184e-01   1.1306423e-01
   1.2159189e-01   2.3539326e-01   3.0690004e-01   2.3551400e-01   1.1329666e-01
   1.2168356e-01   2.3537468e-01   3.0649409e-01   2.3558618e-01   1.1352842e-01
   1.2177398e-01   2.3535609e-01   3.0608869e-01   2.3565838e-01   1.1375950e-01
   1.2186316e-01   2.3533750e-01   3.0568384e-01   2.3573061e-01   1.1398991e-01
   1.2195112e-01   2.3531891e-01   3.0527953e-01   2.3580285e-01   1.1421967e-01
   1.2203785e-01   2.3530032e-01   3.0487576e-01   2.3587512e-01   1.1444878e-01
   1.2212337e-01   2.3528173e-01   3.0447254e-01   2.3594742e-01   1.1467724e-01
   1.2220769e-01   2.3526313e-01   3.0406986e-01   2.3601973e-01   1.1490506e-01
   1.2229083e-01   2.3524454e-01   3.0366772e-01   2.3609207e-01   1.1513226e-01
   1.2237279e-01   2.3522594e-01   3.0326612e-01   2.3616442e-01   1.1535883e-01
   1.2245359e-01   2.3520734e-01   3.0286505e-01   2.3623680e-01   1.1558479e-01
   1.2253322e-01   2.3518874e-01   3.0246453e-01   2.3630921e-01   1.1581013e-01
   1.2261171e-01   2.3517014e-01   3.0206454e-01   2.3638163e-01   1.1603488e-01
   1.2268907e-01   2.3515154e-01   3.0166508e-01   2.3645408e-01   1.1625902e-01
   1.2276530e-01   2.3513294e-01   3.0126617e-01   2.3652654e-01   1.1648258e-01
   1.2284041e-01   2.3511434e-01   3.0086778e-01   2.3659903e-01   1.1670555e-01
   1.2291442e-01   2.3509574e-01   3.0046993e-01   2.3667155e-01   1.1692795e-01
   1.2298733e-01   2.3507714e-01   3.0007260e-01   2.3674408e-01   1.1714977e-01
   1.2305915e-01   2.3505854e-01   2.9967581e-01   2.3681664e-01   1.1737103e-01
   1.2312990e-01   2.3503993e-01   2.9927955e-01   2.3688922e-01   1.1759173e-01
   1.2319958e-01   2.3502133e-01   2.9888381e-01   2.3696182e-01   1.1781188e-01
   1.2326820e-01   2.3500273e-01   2.9848861e-01   2.3703444e-01   1.1803148e-01
   1.2333577e-01   2.3498413e-01   2.9809393e-01   2.3710709e-01   1.1825054e-01
   1.2340230e-01   2.3496553e-01   2.9769977e-01   2.3717976e-01   1.1846907e-01
   1.2346780e-01   2.3494693e-01   2.9730614e-01   2.3725245e-01   1.1868707e-01
   1.2353228e-01   2.3492833e-01   2.9691304e-01   2.3732516e-01   1.1890455e-01
   1.2359575e-01   2.3490972e-01   2.9652046e-01   2.3739789e-01   1.1912151e-01
   1.2365822e-01   2.3489112e-01   2.9612840e-01   2.3747065e-01   1.1933796e-01
   1.2371968e-01   2.3487252e-01   2.9573686e-01   2.3754343e-01   1.1955391e-01
   1.2378017e-01   2.3485393e-01   2.9534584e-01   2.3761623e-01   1.1976936e-01
   1.2383968e-01   2.3483533e-01   2.9495535e-01   2.3768906e-01   1.1998431e-01
   1.2389821e-01   2.3481673e-01   2.9456537e-01   2.3776190e-01   1.2019878e-01
   1.2395579e-01   2.3479813e-01   2.9417591e-01   2.3783477e-01   1.2041277e-01
   1.2401242e-01   2.3477954e-01   2.9378696e-01   2.3790766e-01   1.2062628e-01
   1.2406810e-01   2.3476094e-01   2.9339854e-01   2.3798057e-01   1.2083932e-01
   1.2412285e-01   2.3474234e-01   2.9301063e-01   2.3805351e-01   1.2105189e-01
   1.2417668e-01   2.3472375e-01   2.9262323e-01   2.3812647e-01   1.2126401e-01
   1.2422958e-01   2.3470516e-01   2.9223635e-01   2.3819945e-01   1.2147567e-01
   1.2428158e-01   2.3468656e-01   2.9184998e-01   2.3827245e-01   1.2168688e-01
   1.2433267e-01   2.3466797e-01   2.9146413e-01   2.3834547e-01   1.2189765e-01
   1.2438287e-01   2.3464938e-01   2.9107879e-01   2.3841852e-01   1.2210797e-01
   1.2443219e-01   2.3463079e-01   2.9069395e-01   2.3849159e-01   1.2231787e-01
   1.2448062e-01   2.3461220e-01   2.9030963e-01   2.3856468e-01   1.2252734e-01
   1.2452819e-01   2.3459361e-01   2.8992582e-01   2.3863780e-01   1.2273638e-01
   1.2457489e-01   2.3457503e-01   2.8954252e-01   2.3871093e-01   1.2294501e-01
   1.2462074e-01   2.3455644e-01   2.8915972e-01   2.3878409e-01   1.2315322e-01
   1.2466574e-01   2.3453786e-01   2.8877743e-01   2.3885727e-01   1.2336103e-01
   1.2470990e-01   2.3451927e-01   2.8839565e-01   2.3893048e-01   1.2356843e-01
   1.2475323e-01   2.3450069e-01   2.8801438e-01   2.3900370e-01   1.2377543e-01
   1.2479573e-01   2.3448211e-01   2.8763361e-01   2.3907695e-01   1.2398204e-01
   1.2483741e-01   2.3446353e-01   2.8725334e-01   2.3915022e-01   1.2418827e-01
   1.2487829e-01   2.3444495e-01   2.8687358e-01   2.3922352e-01   1.2439411e-01
   1.2491836e-01   2.3442637e-01   2.8649433e-01   2.3929683e-01   1.2459957e-01
   1.2495763e-01   2.3440779e-01   2.8611557e-01   2.3937017e-01   1.2480465e-01
   1.2499612e-01   2.3438922e-01   2.8573732e-01   2.3944353e-01   1.2500937e-01
   1.2503382e-01   2.3437064e-01   2.8535956e-01   2.3951692e-01   1.2521372e-01
   1.2507075e-01   2.3435207e-01   2.8498231e-01   2.3959032e-01   1.2541771e-01
   1.2510691e-01   2.3433350e-01   2.8460556e-01   2.3966375e-01   1.2562135e-01
   1.2514231e-01   2.3431493e-01   2.8422930e-01   2.3973720e-01   1.2582464e-01
   1.2517696e-01   2.3429636e-01   2.8385354e-01   2.3981068e-01   1.2602758e-01
   1.2521086e-01   2.3427779e-01   2.8347829e-01   2.3988417e-01   1.2623017e-01
   1.2524401e-01   2.3425922e-01   2.8310352e-01   2.3995769e-01   1.2643243e-01
   1.2527643e-01   2.3424065e-01   2.8272926e-01   2.4003123e-01   1.2663436e-01
   1.2530813e-01   2.3422209e-01   2.8235549e-01   2.4010479e-01   1.2683596e-01
   1.2533910e-01   2.3420353e-01   2.8198221e-01   2.4017838e-01   1.2703723e-01
   1.2536935e-01   2.3418496e-01   2.8160943e-01   2.4025199e-01   1.2723818e-01
   1.2539890e-01   2.3416640e-01   2.8123714e-01   2.4032562e-01   1.2743882e-01
   1.2542774e-01   2.3414784e-01   2.8086534e-01   2.4039927e-01   1.2763914e-01
   1.2545589e-01   2.3412929e-01   2.8049404e-01   2.4047295e-01   1.2783916e-01
   1.2548335e-01   2.3411073e-01   2.8012323e-01   2.4054665e-01   1.2803887e-01
   1.2551013e-01   2.3409217e-01   2.7975290e-01   2.4062037e-01   1.2823828e-01
   1.2553622e-01   2.3407362e-01   2.7938307e-01   2.4069412e-01   1.2843740e-01
   1.2556165e-01   2.3405507e-01   2.7901373e-01   2.4076788e-01   1.2863623e-01
   1.2558641e-01   2.3403652e-01   2.7864488e-01   2.4084167e-01   1.2883477e-01
   1.2561051e-01   2.3401797e-01   2.7827651e-01   2.4091548e-01   1.2903302e-01
   1.2563395e-01   2.3399942e-01   2.7790863e-01   2.4098932e-01   1.2923100e-01
   1.2565675e-01   2.3398087e-01   2.7754124e-01   2.4106317e-01   1.2942870e-01
   1.2567891e-01   2.3396232e-01   2.7717433e-01   2.4113705e-01   1.2962613e-01
   1.2570043e-01   2.3394378e-01   2.7680791e-01   2.4121096e-01   1.2982329e-01
   1.2572131e-01   2.3392524e-01   2.7644197e-01   2.4128488e-01   1.3002019e-01
   1.2574158e-01   2.3390670e-01   2.7607652e-01   2.4135883e-01   1.3021682e-01
   1.2576122e-01   2.3388816e-01   2.7571155e-01   2.4143280e-01   1.3041320e-01
   1.2578025e-01   2.3386962e-01   2.7534707e-01   2.4150679e-01   1.3060933e-01
   1.2579867e-01   2.3385108e-01   2.7498306e-01   2.4158081e-01   1.3080521e-01
   1.2581649e-01   2.3383254e-01   2.7461954e-01   2.4165485e-01   1.3100084e-01
   1.2583371e-01   2.3381401e-01   2.7425650e-01   2.4172891e-01   1.3119624e-01
   1.2585033e-01   2.3379547e-01   2.7389394e-01   2.4180299e-01   1.3139139e-01
   1.2586637e-01   2.3377694e-01   2.7353186e-01   2.4187710e-01   1.3158631e-01
   1.2588183e-01   2.3375841e-01   2.7317025e-01   2.4195123e-01   1.3178100e-01
   1.2589671e-01   2.3373988e-01   2.7280913e-01   2.4202538e-01   1.3197546e-01
   1.2591103e-01   2.3372136e-01   2.7244848e-01   2.4209955e-01   1.3216969e-01
   1.2592477e-01   2.3370283e-01   2.7208831e-01   2.4217375e-01   1.3236371e-01
   1.2593795e-01   2.3368430e-01   2.7172861e-01   2.4224797e-01   1.3255751e-01
   1.2595058e-01   2.3366578e-01   2.7136940e-01   2.4232222e-01   1.3275109e-01
   1.2596265e-01   2.3364726e-01   2.7101065e-01   2.4239648e-01   1.3294447e-01
   1.2597418e-01   2.3362874e-01   2.7065238e-01   2.4247077e-01   1.3313764e-01
   1.2598517e-01   2.3361022e-01   2.7029459e-01   2.4254508e-01   1.3333060e-01
   1.2599562e-01   2.3359170e-01   2.6993727e-01   2.4261941e-01   1.3352336e-01
   1.2600554e-01   2.3357319e-01   2.6958042e-01   2.4269377e-01   1.3371593e-01
   1.2601494e-01   2.3355467e-01   2.6922404e-01   2.4276815e-01   1.3390830e-01
   1.2602381e-01   2.3353616e-01   2.6886813e-01   2.4284255e-01   1.3410049e-01
   1.2603216e-01   2.3351765e-01   2.6851269e-01   2.4291698e-01   1.3429248e-01
   1.2604000e-01   2.3349914e-01   2.6815773e-01   2.4299143e-01   1.3448429e-01
   1.2604733e-01   2.3348063e-01   2.6780323e-01   2.4306590e-01   1.3467592e-01
   1.2605416e-01   2.3346212e-01   2.6744920e-01   2.4314039e-01   1.3486738e-01
   1.2606049e-01   2.3344361e-01   2.6709564e-01   2.4321491e-01   1.3505865e-01
   1.2606633e-01   2.3342511e-01   2.6674255e-01   2.4328945e-01   1.3524976e-01
   1.2607167e-01   2.3340661e-01   2.6638992e-01   2.4336401e-01   1.3544070e-01
   1.2607653e-01   2.3338810e-01   2.6603776e-01   2.4343859e-01   1.3563147e-01
   1.2608091e-01   2.3336960e-01   2.6568607e-01   2.4351320e-01   1.3582207e-01
   1.2608481e-01   2.3335110e-01   2.6533484e-01   2.4358783e-01   1.3601252e-01
   1.2608824e-01   2.3333261e-01   2.6498408e-01   2.4366248e-01   1.3620281e-01
   1.2609120e-01   2.3331411e-01   2.6463378e-01   2.4373716e-01   1.3639295e-01
   1.2609370e-01   2.3329562e-01   2.6428394e-01   2.4381186e-01   1.3658294e-01
   1.2609573e-01   2.3327712e-01   2.6393456e-01   2.4388658e-01   1.3677278e-01
   1.2609731e-01   2.3325863e-01   2.6358565e-01   2.4396133e-01   1.3696247e-01
   1.2609844e-01   2.3324014e-01   2.6323720e-01   2.4403610e-01   1.3715202e-01
   1.2609912e-01   2.3322165e-01   2.6288921e-01   2.4411089e-01   1.3734143e-01
   1.2609936e-01   2.3320317e-01   2.6254168e-01   2.4418570e-01   1.3753071e-01
   1.2609916e-01   2.3318468e-01   2.6219461e-01   2.4426054e-01   1.3771985e-01
   1.2609852e-01   2.3316619e-01   2.6184799e-01   2.4433540e-01   1.3790886e-01
   1.2609745e-01   2.3314771e-01   2.6150184e-01   2.4441028e-01   1.3809774e-01
   1.2609596e-01   2.3312923e-01   2.6115614e-01   2.4448518e-01   1.3828650e-01
   1.2609404e-01   2.3311075e-01   2.6081090e-01   2.4456011e-01   1.3847513e-01
   1.2609170e-01   2.3309227e-01   2.6046612e-01   2.4463506e-01   1.3866364e-01
   1.2608894e-01   2.3307379e-01   2.6012179e-01   2.4471004e-01   1.3885203e-01
   1.2608577e-01   2.3305532e-01   2.5977792e-01   2.4478504e-01   1.3904031e-01
   1.2608219e-01   2.3303684e-01   2.5943450e-01   2.4486006e-01   1.3922848e-01
   1.2607821e-01   2.3301837e-01   2.5909154e-01   2.4493510e-01   1.3941653e-01
   1.2607383e-01   2.3299990e-01   2.5874903e-01   2.4501017e-01   1.3960448e-01
   1.2606905e-01   2.3298143e-01   2.5840697e-01   2.4508526e-01   1.3979233e-01
   1.2606387e-01   2.3296296e-01   2.5806536e-01   2.4516037e-01   1.3998007e-01
   1.2605831e-01   2.3294450e-01   2.5772421e-01   2.4523550e-01   1.4016771e-01
   1.2605235e-01   2.3292603e-01   2.5738351e-01   2.4531066e-01   1.4035525e-01
   1.2604602e-01   2.3290757e-01   2.5704325e-01   2.4538584e-01   1.4054270e-01
   1.2603930e-01   2.3288910e-01   2.5670345e-01   2.4546105e-01   1.4073006e-01
   1.2603221e-01   2.3287064e-01   2.5636410e-01   2.4553628e-01   1.4091732e-01
   1.2602474e-01   2.3285218e-01   2.5602519e-01   2.4561153e-01   1.4110450e-01
   1.2601691e-01   2.3283373e-01   2.5568674e-01   2.4568680e-01   1.4129160e-01
   1.2600871e-01   2.3281527e-01   2.5534873e-01   2.4576210e-01   1.4147861e-01
   1.2600015e-01   2.3279681e-01   2.5501117e-01   2.4583742e-01   1.4166553e-01
   1.2599122e-01   2.3277836e-01   2.5467405e-01   2.4591276e-01   1.4185239e-01
   1.2598195e-01   2.3275991e-01   2.5433738e-01   2.4598813e-01   1.4203916e-01
   1.2597231e-01   2.3274146e-01   2.5400115e-01   2.4606352e-01   1.4222586e-01
   1.2596233e-01   2.3272301e-01   2.5366537e-01   2.4613893e-01   1.4241249e-01
   1.2595200e-01   2.3270456e-01   2.5333004e-01   2.4621436e-01   1.4259905e-01
   1.2594133e-01   2.3268611e-01   2.5299514e-01   2.4628982e-01   1.4278555e-01
   1.2593032e-01   2.3266767e-01   2.5266069e-01   2.4636530e-01   1.4297198e-01
   1.2591897e-01   2.3264922e-01   2.5232668e-01   2.4644081e-01   1.4315834e-01
   1.2590729e-01   2.3263078e-01   2.5199312e-01   2.4651634e-01   1.4334465e-01
   1.2589528e-01   2.3261234e-01   2.5165999e-01   2.4659189e-01   1.4353090e-01
   1.2588294e-01   2.3259390e-01   2.5132731e-01   2.4666746e-01   1.4371709e-01
   1.2587027e-01   2.3257546e-01   2.5099506e-01   2.4674306e-01   1.4390323e-01
   1.2585728e-01   2.3255703e-01   2.5066325e-01   2.4681868e-01   1.4408932e-01
   1.2584397e-01   2.3253859e-01   2.5033188e-01   2.4689432e-01   1.4427536e-01
   1.2583035e-01   2.3252016e-01   2.5000095e-01   2.4696999e-01   1.4446135e-01
   1.2581641e-01   2.3250173e-01   2.4967046e-01   2.4704568e-01   1.4464729e-01
   1.2580217e-01   2.3248330e-01   2.4934041e-01   2.4712139e-01   1.4483319e-01
   1.2578761e-01   2.3246487e-01   2.4901079e-01   2.4719713e-01   1.4501905e-01
   1.2577276e-01   2.3244644e-01   2.4868160e-01   2.4727289e-01   1.4520487e-01
   1.2575760e-01   2.3242801e-01   2.4835286e-01   2.4734867e-01   1.4539065e-01
   1.2574214e-01   2.3240959e-01   2.4802454e-01   2.4742448e-01   1.4557640e-01
   1.2572638e-01   2.3239117e-01   2.4769666e-01   2.4750031e-01   1.4576212e-01
   1.2571034e-01   2.3237275e-01   2.4736922e-01   2.4757616e-01   1.4594780e-01
   1.2569400e-01   2.3235432e-01   2.4704220e-01   2.4765204e-01   1.4613346e-01
   1.2567737e-01   2.3233591e-01   2.4671562e-01   2.4772793e-01   1.4631908e-01
   1.2566046e-01   2.3231749e-01   2.4638947e-01   2.4780386e-01   1.4650468e-01
   1.2564326e-01   2.3229907e-01   2.4606375e-01   2.4787980e-01   1.4669026e-01
   1.2562579e-01   2.3228066e-01   2.4573847e-01   2.4795577e-01   1.4687582e-01
   1.2560804e-01   2.3226225e-01   2.4541361e-01   2.4803176e-01   1.4706135e-01
   1.2559001e-01   2.3224383e-01   2.4508918e-01   2.4810778e-01   1.4724687e-01
   1.2557171e-01   2.3222542e-01   2.4476518e-01   2.4818382e-01   1.4743237e-01
   1.2555314e-01   2.3220702e-01   2.4444161e-01   2.4825988e-01   1.4761786e-01
   1.2553430e-01   2.3218861e-01   2.4411847e-01   2.4833597e-01   1.4780333e-01
   1.2551520e-01   2.3217020e-01   2.4379575e-01   2.4841207e-01   1.4798880e-01
   1.2549584e-01   2.3215180e-01   2.4347346e-01   2.4848821e-01   1.4817425e-01
   1.2547621e-01   2.3213340e-01   2.4315160e-01   2.4856436e-01   1.4835970e-01
   1.2545633e-01   2.3211499e-01   2.4283016e-01   2.4864054e-01   1.4854515e-01
   1.2543619e-01   2.3209659e-01   2.4250915e-01   2.4871674e-01   1.4873059e-01
   1.2541580e-01   2.3207820e-01   2.4218856e-01   2.4879297e-01   1.4891602e-01
   1.2539517e-01   2.3205980e-01   2.4186840e-01   2.4886922e-01   1.4910146e-01
   1.2537428e-01   2.3204140e-01   2.4154865e-01   2.4894549e-01   1.4928690e-01
   1.2535314e-01   2.3202301e-01   2.4122933e-01   2.4902178e-01   1.4947234e-01
   1.2533177e-01   2.3200462e-01   2.4091044e-01   2.4909810e-01   1.4965779e-01
   1.2531015e-01   2.3198623e-01   2.4059196e-01   2.4917445e-01   1.4984325e-01
   1.2528829e-01   2.3196784e-01   2.4027391e-01   2.4925081e-01   1.5002871e-01
   1.2526620e-01   2.3194945e-01   2.3995628e-01   2.4932720e-01   1.5021418e-01
   1.2524387e-01   2.3193106e-01   2.3963906e-01   2.4940361e-01   1.5039967e-01
   1.2522131e-01   2.3191268e-01   2.3932227e-01   2.4948005e-01   1.5058517e-01
   1.2519852e-01   2.3189429e-01   2.3900589e-01   2.4955651e-01   1.5077068e-01
   1.2517550e-01   2.3187591e-01   2.3868993e-01   2.4963299e-01   1.5095621e-01
   1.2515226e-01   2.3185753e-01   2.3837440e-01   2.4970950e-01   1.5114176e-01
   1.2512879e-01   2.3183915e-01   2.3805927e-01   2.4978603e-01   1.5132732e-01
   1.2510510e-01   2.3182077e-01   2.3774457e-01   2.4986258e-01   1.5151291e-01
   1.2508120e-01   2.3180240e-01   2.3743028e-01   2.4993916e-01   1.5169852e-01
   1.2505707e-01   2.3178402e-01   2.3711640e-01   2.5001576e-01   1.5188416e-01
   1.2503273e-01   2.3176565e-01   2.3680294e-01   2.5009238e-01   1.5206982e-01
   1.2500818e-01   2.3174728e-01   2.3648990e-01   2.5016903e-01   1.5225551e-01
   1.2498341e-01   2.3172890e-01   2.3617727e-01   2.5024570e-01   1.5244123e-01
   1.2495844e-01   2.3171054e-01   2.3586505e-01   2.5032239e-01   1.5262698e-01
   1.2493325e-01   2.3169217e-01   2.3555324e-01   2.5039911e-01   1.5281276e-01
   1.2490787e-01   2.3167380e-01   2.3524185e-01   2.5047585e-01   1.5299857e-01
   1.2488228e-01   2.3165544e-01   2.3493087e-01   2.5055261e-01   1.5318442e-01
   1.2485649e-01   2.3163707e-01   2.3462030e-01   2.5062940e-01   1.5337031e-01
   1.2483049e-01   2.3161871e-01   2.3431014e-01   2.5070621e-01   1.5355623e-01
   1.2480431e-01   2.3160035e-01   2.3400039e-01   2.5078305e-01   1.5374219e-01
   1.2477792e-01   2.3158199e-01   2.3369105e-01   2.5085991e-01   1.5392820e-01
   1.2475134e-01   2.3156363e-01   2.3338212e-01   2.5093679e-01   1.5411424e-01
   1.2472457e-01   2.3154528e-01   2.3307360e-01   2.5101370e-01   1.5430033e-01
   1.2469761e-01   2.3152692e-01   2.3276548e-01   2.5109062e-01   1.5448646e-01
   1.2467046e-01   2.3150857e-01   2.3245777e-01   2.5116758e-01   1.5467264e-01
   1.2464313e-01   2.3149022e-01   2.3215047e-01   2.5124455e-01   1.5485887e-01
   1.2461561e-01   2.3147187e-01   2.3184358e-01   2.5132155e-01   1.5504515e-01
   1.2458790e-01   2.3145352e-01   2.3153709e-01   2.5139858e-01   1.5523148e-01
   1.2456002e-01   2.3143517e-01   2.3123100e-01   2.5147563e-01   1.5541786e-01
   1.2453195e-01   2.3141683e-01   2.3092533e-01   2.5155270e-01   1.5560429e-01
   1.2450371e-01   2.3139848e-01   2.3062005e-01   2.5162979e-01   1.5579078e-01
   1.2447529e-01   2.3138014e-01   2.3031518e-01   2.5170691e-01   1.5597732e-01
   1.2444670e-01   2.3136180e-01   2.3001071e-01   2.5178405e-01   1.5616392e-01
   1.2441794e-01   2.3134346e-01   2.2970664e-01   2.5186122e-01   1.5635058e-01
   1.2438900e-01   2.3132512e-01   2.2940298e-01   2.5193840e-01   1.5653729e-01
   1.2435990e-01   2.3130678e-01   2.2909972e-01   2.5201562e-01   1.5672407e-01
   1.2433062e-01   2.3128845e-01   2.2879686e-01   2.5209285e-01   1.5691091e-01
   1.2430118e-01   2.3127011e-01   2.2849440e-01   2.5217011e-01   1.5709782e-01
   1.2427158e-01   2.3125178e-01   2.2819233e-01   2.5224740e-01   1.5728479e-01
   1.2424181e-01   2.3123345e-01   2.2789067e-01   2.5232471e-01   1.5747182e-01
   1.2421188e-01   2.3121512e-01   2.2758941e-01   2.5240204e-01   1.5765892e-01
   1.2418180e-01   2.3119679e-01   2.2728854e-01   2.5247939e-01   1.5784610e-01
   1.2415155e-01   2.3117846e-01   2.2698808e-01   2.5255677e-01   1.5803334e-01
   1.2412115e-01   2.3116014e-01   2.2668801e-01   2.5263417e-01   1.5822065e-01
   1.2409059e-01   2.3114181e-01   2.2638833e-01   2.5271160e-01   1.5840803e-01
   1.2405988e-01   2.3112349e-01   2.2608906e-01   2.5278905e-01   1.5859549e-01
   1.2402901e-01   2.3110517e-01   2.2579017e-01   2.5286652e-01   1.5878302e-01
   1.2399800e-01   2.3108685e-01   2.2549169e-01   2.5294402e-01   1.5897063e-01
   1.2396683e-01   2.3106853e-01   2.2519360e-01   2.5302154e-01   1.5915831e-01
   1.2393552e-01   2.3105021e-01   2.2489590e-01   2.5309908e-01   1.5934607e-01
   1.2390406e-01   2.3103190e-01   2.2459859e-01   2.5317665e-01   1.5953392e-01
   1.2387246e-01   2.3101358e-01   2.2430168e-01   2.5325424e-01   1.5972184e-01
   1.2384071e-01   2.3099527e-01   2.2400516e-01   2.5333186e-01   1.5990984e-01
   1.2380882e-01   2.3097696e-01   2.2370904e-01   2.5340950e-01   1.6009793e-01
   1.2377680e-01   2.3095865e-01   2.2341330e-01   2.5348716e-01   1.6028610e-01
   1.2374463e-01   2.3094034e-01   2.2311796e-01   2.5356485e-01   1.6047435e-01
   1.2371232e-01   2.3092204e-01   2.2282300e-01   2.5364256e-01   1.6066269e-01
   1.2367988e-01   2.3090373e-01   2.2252844e-01   2.5372030e-01   1.6085112e-01
   1.2364730e-01   2.3088543e-01   2.2223426e-01   2.5379806e-01   1.6103964e-01
   1.2361459e-01   2.3086712e-01   2.2194048e-01   2.5387584e-01   1.6122824e-01
   1.2358174e-01   2.3084882e-01   2.2164708e-01   2.5395365e-01   1.6141694e-01
   1.2354877e-01   2.3083052e-01   2.2135407e-01   2.5403148e-01   1.6160572e-01
   1.2351566e-01   2.3081223e-01   2.2106145e-01   2.5410933e-01   1.6179460e-01
   1.2348243e-01   2.3079393e-01   2.2076921e-01   2.5418721e-01   1.6198358e-01
   1.2344907e-01   2.3077563e-01   2.2047736e-01   2.5426511e-01   1.6217264e-01
   1.2341558e-01   2.3075734e-01   2.2018590e-01   2.5434304e-01   1.6236181e-01
   1.2338197e-01   2.3073905e-01   2.1989482e-01   2.5442099e-01   1.6255107e-01
   1.2334823e-01   2.3072076e-01   2.1960413e-01   2.5449896e-01   1.6274043e-01
   1.2331437e-01   2.3070247e-01   2.1931382e-01   2.5457696e-01   1.6292988e-01
   1.2328039e-01   2.3068418e-01   2.1902390e-01   2.5465498e-01   1.6311944e-01
   1.2324629e-01   2.3066589e-01   2.1873435e-01   2.5473302e-01   1.6330910e-01
   1.2321208e-01   2.3064761e-01   2.1844520e-01   2.5481109e-01   1.6349886e-01
   1.2317774e-01   2.3062933e-01   2.1815642e-01   2.5488919e-01   1.6368872e-01
   1.2314329e-01   2.3061104e-01   2.1786802e-01   2.5496730e-01   1.6387868e-01
   1.2310872e-01   2.3059276e-01   2.1758001e-01   2.5504544e-01   1.6406875e-01
   1.2307404e-01   2.3057448e-01   2.1729238e-01   2.5512361e-01   1.6425893e-01
   1.2303925e-01   2.3055621e-01   2.1700512e-01   2.5520180e-01   1.6444921e-01
   1.2300434e-01   2.3053793e-01   2.1671825e-01   2.5528001e-01   1.6463960e-01
   1.2296933e-01   2.3051965e-01   2.1643176e-01   2.5535825e-01   1.6483010e-01
   1.2293420e-01   2.3050138e-01   2.1614564e-01   2.5543651e-01   1.6502071e-01
   1.2289897e-01   2.3048311e-01   2.1585991e-01   2.5551479e-01   1.6521143e-01
   1.2286363e-01   2.3046484e-01   2.1557455e-01   2.5559310e-01   1.6540226e-01
   1.2282818e-01   2.3044657e-01   2.1528956e-01   2.5567144e-01   1.6559321e-01
   1.2279263e-01   2.3042830e-01   2.1500496e-01   2.5574979e-01   1.6578426e-01
   1.2275697e-01   2.3041004e-01   2.1472073e-01   2.5582817e-01   1.6597543e-01
   1.2272121e-01   2.3039177e-01   2.1443688e-01   2.5590658e-01   1.6616672e-01
   1.2268535e-01   2.3037351e-01   2.1415340e-01   2.5598501e-01   1.6635812e-01
   1.2264939e-01   2.3035525e-01   2.1387030e-01   2.5606346e-01   1.6654964e-01
   1.2261333e-01   2.3033699e-01   2.1358757e-01   2.5614194e-01   1.6674128e-01
   1.2257717e-01   2.3031873e-01   2.1330521e-01   2.5622044e-01   1.6693304e-01
   1.2254091e-01   2.3030047e-01   2.1302323e-01   2.5629896e-01   1.6712491e-01
   1.2250456e-01   2.3028221e-01   2.1274162e-01   2.5637751e-01   1.6731691e-01
   1.2246811e-01   2.3026396e-01   2.1246038e-01   2.5645609e-01   1.6750903e-01
   1.2243156e-01   2.3024571e-01   2.1217952e-01   2.5653468e-01   1.6770127e-01
   1.2239492e-01   2.3022745e-01   2.1189903e-01   2.5661330e-01   1.6789363e-01
   1.2235819e-01   2.3020920e-01   2.1161890e-01   2.5669195e-01   1.6808612e-01
   1.2232137e-01   2.3019096e-01   2.1133915e-01   2.5677062e-01   1.6827873e-01
   1.2228445e-01   2.3017271e-01   2.1105977e-01   2.5684931e-01   1.6847147e-01
   1.2224745e-01   2.3015446e-01   2.1078075e-01   2.5692803e-01   1.6866434e-01
   1.2221036e-01   2.3013622e-01   2.1050211e-01   2.5700677e-01   1.6885733e-01
   1.2217318e-01   2.3011798e-01   2.1022383e-01   2.5708554e-01   1.6905045e-01
   1.2213591e-01   2.3009973e-01   2.0994592e-01   2.5716433e-01   1.6924371e-01
   1.2209856e-01   2.3008149e-01   2.0966838e-01   2.5724314e-01   1.6943709e-01
   1.2206112e-01   2.3006326e-01   2.0939121e-01   2.5732198e-01   1.6963060e-01
   1.2202359e-01   2.3004502e-01   2.0911440e-01   2.5740084e-01   1.6982424e-01
   1.2198599e-01   2.3002678e-01   2.0883796e-01   2.5747973e-01   1.7001802e-01
   1.2194830e-01   2.3000855e-01   2.0856188e-01   2.5755864e-01   1.7021193e-01
   1.2191053e-01   2.2999032e-01   2.0828617e-01   2.5763758e-01   1.7040597e-01
   1.2187268e-01   2.2997208e-01   2.0801083e-01   2.5771654e-01   1.7060015e-01
   1.2183474e-01   2.2995385e-01   2.0773584e-01   2.5779552e-01   1.7079446e-01
   1.2179673e-01   2.2993563e-01   2.0746122e-01   2.5787453e-01   1.7098891e-01
   1.2175864e-01   2.2991740e-01   2.0718697e-01   2.5795356e-01   1.7118350e-01
   1.2172048e-01   2.2989917e-01   2.0691307e-01   2.5803262e-01   1.7137823e-01
   1.2168223e-01   2.2988095e-01   2.0663954e-01   2.5811170e-01   1.7157309e-01
   1.2164392e-01   2.2986273e-01   2.0636637e-01   2.5819080e-01   1.7176809e-01
   1.2160552e-01   2.2984450e-01   2.0609356e-01   2.5826993e-01   1.7196324e-01
   1.2156705e-01   2.2982628e-01   2.0582111e-01   2.5834908e-01   1.7215852e-01
   1.2152851e-01   2.2980807e-01   2.0554903e-01   2.5842826e-01   1.7235395e-01
   1.2148990e-01   2.2978985e-01   2.0527730e-01   2.5850746e-01   1.7254952e-01
   1.2145121e-01   2.2977163e-01   2.0500593e-01   2.5858669e-01   1.7274524e-01
   1.2141246e-01   2.2975342e-01   2.0473492e-01   2.5866594e-01   1.7294109e-01
   1.2137363e-01   2.2973521e-01   2.0446427e-01   2.5874521e-01   1.7313710e-01
   1.2133474e-01   2.2971700e-01   2.0419397e-01   2.5882451e-01   1.7333324e-01
   1.2129577e-01   2.2969879e-01   2.0392403e-01   2.5890384e-01   1.7352954e-01
   1.2125674e-01   2.2968058e-01   2.0365445e-01   2.5898318e-01   1.7372598e-01
   1.2121764e-01   2.2966237e-01   2.0338523e-01   2.5906256e-01   1.7392257e-01
   1.2117847e-01   2.2964417e-01   2.0311636e-01   2.5914195e-01   1.7411931e-01
   1.2113924e-01   2.2962596e-01   2.0284785e-01   2.5922137e-01   1.7431619e-01
   1.2109995e-01   2.2960776e-01   2.0257969e-01   2.5930082e-01   1.7451323e-01
   1.2106059e-01   2.2958956e-01   2.0231189e-01   2.5938029e-01   1.7471042e-01
   1.2102116e-01   2.2957136e-01   2.0204444e-01   2.5945978e-01   1.7490776e-01
   1.2098168e-01   2.2955316e-01   2.0177734e-01   2.5953930e-01   1.7510525e-01
   1.2094213e-01   2.2953496e-01   2.0151060e-01   2.5961884e-01   1.7530289e-01
   1.2090252e-01   2.2951677e-01   2.0124421e-01   2.5969841e-01   1.7550069e-01
   1.2086285e-01   2.2949857e-01   2.0097817e-01   2.5977800e-01   1.7569864e-01
   1.2082312e-01   2.2948038e-01   2.0071249e-01   2.5985761e-01   1.7589675e-01
   1.2078333e-01   2.2946219e-01   2.0044715e-01   2.5993725e-01   1.7609501e-01
   1.2074348e-01   2.2944400e-01   2.0018217e-01   2.6001692e-01   1.7629343e-01
   1.2070357e-01   2.2942581e-01   1.9991754e-01   2.6009660e-01   1.7649201e-01
   1.2066361e-01   2.2940763e-01   1.9965325e-01   2.6017632e-01   1.7669074e-01
   1.2062359e-01   2.2938944e-01   1.9938932e-01   2.6025606e-01   1.7688963e-01
   1.2058351e-01   2.2937126e-01   1.9912573e-01   2.6033582e-01   1.7708868e-01
   1.2054338e-01   2.2935308e-01   1.9886249e-01   2.6041560e-01   1.7728789e-01
   1.2050319e-01   2.2933489e-01   1.9859961e-01   2.6049541e-01   1.7748726e-01
   1.2046295e-01   2.2931672e-01   1.9833706e-01   2.6057525e-01   1.7768679e-01
   1.2042266e-01   2.2929854e-01   1.9807487e-01   2.6065511e-01   1.7788648e-01
   1.2038231e-01   2.2928036e-01   1.9781302e-01   2.6073499e-01   1.7808633e-01
   1.2034191e-01   2.2926219e-01   1.9755152e-01   2.6081490e-01   1.7828635e-01
   1.2030146e-01   2.2924401e-01   1.9729036e-01   2.6089484e-01   1.7848653e-01
   1.2026096e-01   2.2922584e-01   1.9702955e-01   2.6097479e-01   1.7868688e-01
   1.2022041e-01   2.2920767e-01   1.9676909e-01   2.6105478e-01   1.7888738e-01
   1.2017981e-01   2.2918950e-01   1.9650896e-01   2.6113478e-01   1.7908806e-01
   1.2013916e-01   2.2917133e-01   1.9624919e-01   2.6121481e-01   1.7928890e-01
   1.2009846e-01   2.2915317e-01   1.9598975e-01   2.6129487e-01   1.7948991e-01
   1.2005771e-01   2.2913500e-01   1.9573066e-01   2.6137495e-01   1.7969108e-01
   1.2001692e-01   2.2911684e-01   1.9547191e-01   2.6145505e-01   1.7989242e-01
   1.1997607e-01   2.2909867e-01   1.9521351e-01   2.6153518e-01   1.8009393e-01
   1.1993519e-01   2.2908051e-01   1.9495544e-01   2.6161534e-01   1.8029561e-01
   1.1989425e-01   2.2906235e-01   1.9469772e-01   2.6169552e-01   1.8049746e-01
   1.1985327e-01   2.2904420e-01   1.9444033e-01   2.6177572e-01   1.8069948e-01
   1.1981225e-01   2.2902604e-01   1.9418329e-01   2.6185595e-01   1.8090167e-01
   1.1977118e-01   2.2900789e-01   1.9392659e-01   2.6193620e-01   1.8110403e-01
   1.1973007e-01   2.2898973e-01   1.9367022e-01   2.6201648e-01   1.8130657e-01
   1.1968892e-01   2.2897158e-01   1.9341420e-01   2.6209678e-01   1.8150927e-01
   1.1964772e-01   2.2895343e-01   1.9315851e-01   2.6217710e-01   1.8171215e-01
   1.1960648e-01   2.2893528e-01   1.9290316e-01   2.6225745e-01   1.8191521e-01
   1.1956520e-01   2.2891713e-01   1.9264815e-01   2.6233783e-01   1.8211844e-01
   1.1952388e-01   2.2889899e-01   1.9239348e-01   2.6241823e-01   1.8232184e-01
   1.1948252e-01   2.2888084e-01   1.9213914e-01   2.6249865e-01   1.8252542e-01
   1.1944112e-01   2.2886270e-01   1.9188514e-01   2.6257910e-01   1.8272917e-01
   1.1939968e-01   2.2884456e-01   1.9163147e-01   2.6265958e-01   1.8293311e-01
   1.1935820e-01   2.2882641e-01   1.9137814e-01   2.6274007e-01   1.8313722e-01
   1.1931669e-01   2.2880828e-01   1.9112515e-01   2.6282060e-01   1.8334150e-01
   1.1927513e-01   2.2879014e-01   1.9087249e-01   2.6290115e-01   1.8354597e-01
   1.1923354e-01   2.2877200e-01   1.9062016e-01   2.6298172e-01   1.8375061e-01
   1.1919191e-01   2.2875387e-01   1.9036817e-01   2.6306232e-01   1.8395544e-01
   1.1915024e-01   2.2873573e-01   1.9011651e-01   2.6314294e-01   1.8416044e-01
   1.1910854e-01   2.2871760e-01   1.8986518e-01   2.6322358e-01   1.8436563e-01
   1.1906680e-01   2.2869947e-01   1.8961419e-01   2.6330426e-01   1.8457100e-01
   1.1902503e-01   2.2868134e-01   1.8936352e-01   2.6338495e-01   1.8477654e-01
   1.1898322e-01   2.2866321e-01   1.8911319e-01   2.6346567e-01   1.8498228e-01
   1.1894138e-01   2.2864509e-01   1.8886319e-01   2.6354642e-01   1.8518819e-01
   1.1889951e-01   2.2862696e-01   1.8861352e-01   2.6362719e-01   1.8539429e-01
   1.1885760e-01   2.2860884e-01   1.8836418e-01   2.6370798e-01   1.8560057e-01
   1.1881566e-01   2.2859072e-01   1.8811517e-01   2.6378880e-01   1.8580703e-01
   1.1877368e-01   2.2857260e-01   1.8786649e-01   2.6386965e-01   1.8601369e-01
   1.1873168e-01   2.2855448e-01   1.8761813e-01   2.6395052e-01   1.8622052e-01
   1.1868964e-01   2.2853636e-01   1.8737011e-01   2.6403141e-01   1.8642755e-01
   1.1864758e-01   2.2851824e-01   1.8712241e-01   2.6411233e-01   1.8663475e-01
   1.1860548e-01   2.2850013e-01   1.8687504e-01   2.6419327e-01   1.8684215e-01
   1.1856335e-01   2.2848202e-01   1.8662800e-01   2.6427424e-01   1.8704974e-01
   1.1852119e-01   2.2846391e-01   1.8638129e-01   2.6435524e-01   1.8725751e-01
   1.1847900e-01   2.2844579e-01   1.8613490e-01   2.6443625e-01   1.8746547e-01
   1.1843679e-01   2.2842769e-01   1.8588883e-01   2.6451730e-01   1.8767362e-01
   1.1839454e-01   2.2840958e-01   1.8564309e-01   2.6459837e-01   1.8788196e-01
   1.1835227e-01   2.2839147e-01   1.8539768e-01   2.6467946e-01   1.8809050e-01
   1.1830997e-01   2.2837337e-01   1.8515259e-01   2.6476058e-01   1.8829922e-01
   1.1826764e-01   2.2835526e-01   1.8490783e-01   2.6484172e-01   1.8850813e-01
   1.1822529e-01   2.2833716e-01   1.8466339e-01   2.6492289e-01   1.8871724e-01
   1.1818291e-01   2.2831906e-01   1.8441927e-01   2.6500408e-01   1.8892654e-01
   1.1814050e-01   2.2830096e-01   1.8417547e-01   2.6508529e-01   1.8913603e-01
   1.1809807e-01   2.2828287e-01   1.8393200e-01   2.6516654e-01   1.8934571e-01
   1.1805561e-01   2.2826477e-01   1.8368885e-01   2.6524780e-01   1.8955559e-01
   1.1801312e-01   2.2824668e-01   1.8344602e-01   2.6532909e-01   1.8976566e-01
   1.1797062e-01   2.2822858e-01   1.8320351e-01   2.6541041e-01   1.8997593e-01
   1.1792808e-01   2.2821049e-01   1.8296132e-01   2.6549175e-01   1.9018639e-01
   1.1788553e-01   2.2819240e-01   1.8271945e-01   2.6557312e-01   1.9039705e-01
   1.1784295e-01   2.2817431e-01   1.8247790e-01   2.6565451e-01   1.9060791e-01
   1.1780035e-01   2.2815622e-01   1.8223667e-01   2.6573593e-01   1.9081896e-01
   1.1775772e-01   2.2813814e-01   1.8199576e-01   2.6581737e-01   1.9103021e-01
   1.1771507e-01   2.2812005e-01   1.8175517e-01   2.6589884e-01   1.9124166e-01
   1.1767240e-01   2.2810197e-01   1.8151490e-01   2.6598033e-01   1.9145331e-01
   1.1762971e-01   2.2808389e-01   1.8127494e-01   2.6606184e-01   1.9166515e-01
   1.1758700e-01   2.2806581e-01   1.8103530e-01   2.6614338e-01   1.9187720e-01
   1.1754426e-01   2.2804773e-01   1.8079598e-01   2.6622495e-01   1.9208944e-01
   1.1750151e-01   2.2802965e-01   1.8055697e-01   2.6630654e-01   1.9230189e-01
   1.1745873e-01   2.2801158e-01   1.8031828e-01   2.6638816e-01   1.9251453e-01
   1.1741594e-01   2.2799350e-01   1.8007991e-01   2.6646980e-01   1.9272738e-01
   1.1737312e-01   2.2797543e-01   1.7984185e-01   2.6655146e-01   1.9294043e-01
   1.1733029e-01   2.2795736e-01   1.7960410e-01   2.6663316e-01   1.9315368e-01
   1.1728743e-01   2.2793929e-01   1.7936667e-01   2.6671487e-01   1.9336713e-01
   1.1724456e-01   2.2792122e-01   1.7912956e-01   2.6679661e-01   1.9358079e-01
   1.1720167e-01   2.2790315e-01   1.7889276e-01   2.6687838e-01   1.9379465e-01
   1.1715876e-01   2.2788508e-01   1.7865627e-01   2.6696017e-01   1.9400871e-01
   1.1711584e-01   2.2786702e-01   1.7842009e-01   2.6704199e-01   1.9422298e-01
   1.1707289e-01   2.2784896e-01   1.7818422e-01   2.6712383e-01   1.9443746e-01
   1.1702993e-01   2.2783089e-01   1.7794867e-01   2.6720570e-01   1.9465214e-01
   1.1698695e-01   2.2781283e-01   1.7771343e-01   2.6728759e-01   1.9486702e-01
   1.1694396e-01   2.2779478e-01   1.7747850e-01   2.6736951e-01   1.9508211e-01
   1.1690095e-01   2.2777672e-01   1.7724388e-01   2.6745145e-01   1.9529741e-01
   1.1685792e-01   2.2775866e-01   1.7700957e-01   2.6753341e-01   1.9551292e-01
   1.1681488e-01   2.2774061e-01   1.7677557e-01   2.6761541e-01   1.9572863e-01
   1.1677182e-01   2.2772255e-01   1.7654188e-01   2.6769742e-01   1.9594455e-01
   1.1672875e-01   2.2770450e-01   1.7630849e-01   2.6777947e-01   1.9616068e-01
   1.1668566e-01   2.2768645e-01   1.7607542e-01   2.6786153e-01   1.9637702e-01
   1.1664256e-01   2.2766840e-01   1.7584266e-01   2.6794363e-01   1.9659357e-01
   1.1659944e-01   2.2765036e-01   1.7561020e-01   2.6802574e-01   1.9681033e-01
   1.1655631e-01   2.2763231e-01   1.7537805e-01   2.6810789e-01   1.9702730e-01
   1.1651316e-01   2.2761427e-01   1.7514620e-01   2.6819006e-01   1.9724448e-01
   1.1647001e-01   2.2759622e-01   1.7491467e-01   2.6827225e-01   1.9746188e-01
   1.1642683e-01   2.2757818e-01   1.7468344e-01   2.6835447e-01   1.9767948e-01
   1.1638365e-01   2.2756014e-01   1.7445251e-01   2.6843671e-01   1.9789730e-01
   1.1634045e-01   2.2754210e-01   1.7422189e-01   2.6851898e-01   1.9811532e-01
   1.1629724e-01   2.2752407e-01   1.7399158e-01   2.6860128e-01   1.9833357e-01
   1.1625402e-01   2.2750603e-01   1.7376156e-01   2.6868359e-01   1.9855202e-01
   1.1621079e-01   2.2748800e-01   1.7353186e-01   2.6876594e-01   1.9877069e-01
   1.1616755e-01   2.2746996e-01   1.7330245e-01   2.6884831e-01   1.9898958e-01
   1.1612429e-01   2.2745193e-01   1.7307336e-01   2.6893070e-01   1.9920867e-01
   1.1608102e-01   2.2743390e-01   1.7284456e-01   2.6901313e-01   1.9942799e-01
   1.1603775e-01   2.2741587e-01   1.7261606e-01   2.6909557e-01   1.9964752e-01
   1.1599446e-01   2.2739784e-01   1.7238787e-01   2.6917804e-01   1.9986726e-01
   1.1595116e-01   2.2737982e-01   1.7215998e-01   2.6926054e-01   2.0008723e-01
   1.1590785e-01   2.2736179e-01   1.7193239e-01   2.6934306e-01   2.0030740e-01
   1.1586453e-01   2.2734377e-01   1.7170510e-01   2.6942561e-01   2.0052780e-01
   1.1582121e-01   2.2732575e-01   1.7147812e-01   2.6950818e-01   2.0074842e-01
   1.1577787e-01   2.2730773e-01   1.7125143e-01   2.6959078e-01   2.0096925e-01
   1.1573452e-01   2.2728971e-01   1.7102504e-01   2.6967340e-01   2.0119030e-01
   1.1569117e-01   2.2727169e-01   1.7079895e-01   2.6975605e-01   2.0141157e-01
   1.1564780e-01   2.2725368e-01   1.7057316e-01   2.6983872e-01   2.0163306e-01
   1.1560443e-01   2.2723566e-01   1.7034767e-01   2.6992142e-01   2.0185477e-01
   1.1556105e-01   2.2721765e-01   1.7012247e-01   2.7000414e-01   2.0207670e-01
   1.1551766e-01   2.2719964e-01   1.6989758e-01   2.7008689e-01   2.0229885e-01
   1.1547426e-01   2.2718163e-01   1.6967298e-01   2.7016967e-01   2.0252122e-01
   1.1543086e-01   2.2716362e-01   1.6944868e-01   2.7025247e-01   2.0274382e-01
   1.1538745e-01   2.2714561e-01   1.6922467e-01   2.7033529e-01   2.0296663e-01
   1.1534403e-01   2.2712761e-01   1.6900096e-01   2.7041814e-01   2.0318967e-01
   1.1530060e-01   2.2710960e-01   1.6877755e-01   2.7050102e-01   2.0341293e-01
   1.1525717e-01   2.2709160e-01   1.6855443e-01   2.7058392e-01   2.0363642e-01
   1.1521373e-01   2.2707360e-01   1.6833161e-01   2.7066685e-01   2.0386013e-01
   1.1517029e-01   2.2705560e-01   1.6810908e-01   2.7074980e-01   2.0408406e-01
   1.1512684e-01   2.2703760e-01   1.6788685e-01   2.7083278e-01   2.0430821e-01
   1.1508338e-01   2.2701960e-01   1.6766491e-01   2.7091578e-01   2.0453260e-01
   1.1503992e-01   2.2700160e-01   1.6744326e-01   2.7099881e-01   2.0475720e-01
   1.1499645e-01   2.2698361e-01   1.6722191e-01   2.7108187e-01   2.0498203e-01
   1.1495298e-01   2.2696562e-01   1.6700085e-01   2.7116495e-01   2.0520709e-01
   1.1490950e-01   2.2694763e-01   1.6678008e-01   2.7124805e-01   2.0543238e-01
   1.1486602e-01   2.2692964e-01   1.6655960e-01   2.7133118e-01   2.0565789e-01
   1.1482253e-01   2.2691165e-01   1.6633941e-01   2.7141434e-01   2.0588363e-01
   1.1477904e-01   2.2689366e-01   1.6611952e-01   2.7149752e-01   2.0610960e-01
   1.1473554e-01   2.2687567e-01   1.6589991e-01   2.7158073e-01   2.0633579e-01
   1.1469204e-01   2.2685769e-01   1.6568060e-01   2.7166396e-01   2.0656221e-01
   1.1464854e-01   2.2683971e-01   1.6546158e-01   2.7174722e-01   2.0678887e-01
   1.1460503e-01   2.2682172e-01   1.6524284e-01   2.7183050e-01   2.0701575e-01
   1.1456152e-01   2.2680374e-01   1.6502440e-01   2.7191381e-01   2.0724286e-01
   1.1451801e-01   2.2678576e-01   1.6480624e-01   2.7199715e-01   2.0747020e-01
   1.1447449e-01   2.2676779e-01   1.6458837e-01   2.7208051e-01   2.0769777e-01
   1.1443097e-01   2.2674981e-01   1.6437079e-01   2.7216389e-01   2.0792558e-01
   1.1438744e-01   2.2673184e-01   1.6415350e-01   2.7224730e-01   2.0815361e-01
   1.1434392e-01   2.2671386e-01   1.6393650e-01   2.7233074e-01   2.0838188e-01
   1.1430039e-01   2.2669589e-01   1.6371978e-01   2.7241420e-01   2.0861037e-01
   1.1425686e-01   2.2667792e-01   1.6350335e-01   2.7249769e-01   2.0883910e-01
   1.1421333e-01   2.2665995e-01   1.6328720e-01   2.7258120e-01   2.0906807e-01
   1.1416979e-01   2.2664199e-01   1.6307134e-01   2.7266474e-01   2.0929726e-01
   1.1412625e-01   2.2662402e-01   1.6285577e-01   2.7274831e-01   2.0952669e-01
   1.1408272e-01   2.2660606e-01   1.6264048e-01   2.7283190e-01   2.0975636e-01
   1.1403918e-01   2.2658809e-01   1.6242547e-01   2.7291551e-01   2.0998625e-01
   1.1399564e-01   2.2657013e-01   1.6221075e-01   2.7299916e-01   2.1021639e-01
   1.1395209e-01   2.2655217e-01   1.6199631e-01   2.7308282e-01   2.1044675e-01
   1.1390855e-01   2.2653421e-01   1.6178216e-01   2.7316652e-01   2.1067736e-01
   1.1386501e-01   2.2651625e-01   1.6156829e-01   2.7325023e-01   2.1090820e-01
   1.1382146e-01   2.2649830e-01   1.6135470e-01   2.7333398e-01   2.1113927e-01
   1.1377792e-01   2.2648034e-01   1.6114140e-01   2.7341775e-01   2.1137058e-01
   1.1373437e-01   2.2646239e-01   1.6092837e-01   2.7350154e-01   2.1160213e-01
   1.1369083e-01   2.2644444e-01   1.6071563e-01   2.7358537e-01   2.1183392e-01
   1.1364728e-01   2.2642649e-01   1.6050317e-01   2.7366921e-01   2.1206595e-01
   1.1360374e-01   2.2640854e-01   1.6029099e-01   2.7375309e-01   2.1229821e-01
   1.1356019e-01   2.2639059e-01   1.6007909e-01   2.7383698e-01   2.1253071e-01
   1.1351665e-01   2.2637265e-01   1.5986748e-01   2.7392091e-01   2.1276345e-01
   1.1347310e-01   2.2635470e-01   1.5965614e-01   2.7400486e-01   2.1299643e-01
   1.1342956e-01   2.2633676e-01   1.5944508e-01   2.7408883e-01   2.1322965e-01
   1.1338602e-01   2.2631882e-01   1.5923430e-01   2.7417283e-01   2.1346311e-01
   1.1334248e-01   2.2630088e-01   1.5902379e-01   2.7425686e-01   2.1369681e-01
   1.1329894e-01   2.2628294e-01   1.5881357e-01   2.7434091e-01   2.1393075e-01
   1.1325540e-01   2.2626500e-01   1.5860362e-01   2.7442499e-01   2.1416493e-01
   1.1321186e-01   2.2624706e-01   1.5839396e-01   2.7450910e-01   2.1439936e-01
   1.1316833e-01   2.2622913e-01   1.5818456e-01   2.7459323e-01   2.1463402e-01
   1.1312479e-01   2.2621120e-01   1.5797545e-01   2.7467738e-01   2.1486893e-01
   1.1308126e-01   2.2619326e-01   1.5776661e-01   2.7476157e-01   2.1510408e-01
   1.1303773e-01   2.2617533e-01   1.5755805e-01   2.7484577e-01   2.1533947e-01
   1.1299420e-01   2.2615740e-01   1.5734976e-01   2.7493001e-01   2.1557511e-01
   1.1295068e-01   2.2613948e-01   1.5714175e-01   2.7501427e-01   2.1581099e-01
   1.1290715e-01   2.2612155e-01   1.5693402e-01   2.7509855e-01   2.1604712e-01
   1.1286363e-01   2.2610363e-01   1.5672656e-01   2.7518286e-01   2.1628349e-01
   1.1282011e-01   2.2608570e-01   1.5651937e-01   2.7526720e-01   2.1652010e-01
   1.1277660e-01   2.2606778e-01   1.5631246e-01   2.7535156e-01   2.1675696e-01
   1.1273309e-01   2.2604986e-01   1.5610582e-01   2.7543595e-01   2.1699407e-01
   1.1268958e-01   2.2603194e-01   1.5589945e-01   2.7552036e-01   2.1723142e-01
   1.1264607e-01   2.2601402e-01   1.5569336e-01   2.7560480e-01   2.1746902e-01
   1.1260257e-01   2.2599611e-01   1.5548754e-01   2.7568927e-01   2.1770686e-01
   1.1255907e-01   2.2597819e-01   1.5528199e-01   2.7577376e-01   2.1794495e-01
   1.1251557e-01   2.2596028e-01   1.5507671e-01   2.7585828e-01   2.1818329e-01
   1.1247208e-01   2.2594237e-01   1.5487170e-01   2.7594282e-01   2.1842188e-01
   1.1242859e-01   2.2592446e-01   1.5466697e-01   2.7602739e-01   2.1866072e-01
   1.1238510e-01   2.2590655e-01   1.5446251e-01   2.7611199e-01   2.1889980e-01
   1.1234162e-01   2.2588864e-01   1.5425831e-01   2.7619661e-01   2.1913913e-01
   1.1229815e-01   2.2587073e-01   1.5405439e-01   2.7628125e-01   2.1937872e-01
   1.1225467e-01   2.2585283e-01   1.5385073e-01   2.7636593e-01   2.1961855e-01
   1.1221120e-01   2.2583493e-01   1.5364735e-01   2.7645063e-01   2.1985863e-01
   1.1216774e-01   2.2581702e-01   1.5344423e-01   2.7653535e-01   2.2009896e-01
   1.1212428e-01   2.2579912e-01   1.5324138e-01   2.7662010e-01   2.2033955e-01
   1.1208083e-01   2.2578122e-01   1.5303880e-01   2.7670488e-01   2.2058038e-01
   1.1203738e-01   2.2576333e-01   1.5283649e-01   2.7678968e-01   2.2082147e-01
   1.1199393e-01   2.2574543e-01   1.5263445e-01   2.7687451e-01   2.2106281e-01
   1.1195049e-01   2.2572753e-01   1.5243267e-01   2.7695937e-01   2.2130440e-01
   1.1190706e-01   2.2570964e-01   1.5223116e-01   2.7704425e-01   2.2154624e-01
   1.1186363e-01   2.2569175e-01   1.5202992e-01   2.7712916e-01   2.2178834e-01
   1.1182020e-01   2.2567386e-01   1.5182894e-01   2.7721409e-01   2.2203069e-01
   1.1177678e-01   2.2565597e-01   1.5162823e-01   2.7729905e-01   2.2227329e-01
   1.1173337e-01   2.2563808e-01   1.5142778e-01   2.7738403e-01   2.2251615e-01
   1.1168996e-01   2.2562020e-01   1.5122760e-01   2.7746904e-01   2.2275926e-01
   1.1164656e-01   2.2560231e-01   1.5102768e-01   2.7755408e-01   2.2300262e-01
   1.1160316e-01   2.2558443e-01   1.5082803e-01   2.7763914e-01   2.2324624e-01
   1.1155977e-01   2.2556654e-01   1.5062864e-01   2.7772423e-01   2.2349012e-01
   1.1151639e-01   2.2554866e-01   1.5042951e-01   2.7780935e-01   2.2373425e-01
   1.1147301e-01   2.2553078e-01   1.5023065e-01   2.7789449e-01   2.2397864e-01
   1.1142964e-01   2.2551291e-01   1.5003205e-01   2.7797966e-01   2.2422329e-01
   1.1138627e-01   2.2549503e-01   1.4983371e-01   2.7806485e-01   2.2446819e-01
   1.1134291e-01   2.2547715e-01   1.4963564e-01   2.7815007e-01   2.2471335e-01
   1.1129956e-01   2.2545928e-01   1.4943782e-01   2.7823532e-01   2.2495877e-01
   1.1125621e-01   2.2544141e-01   1.4924027e-01   2.7832059e-01   2.2520444e-01
   1.1121287e-01   2.2542354e-01   1.4904298e-01   2.7840589e-01   2.2545038e-01
   1.1116954e-01   2.2540567e-01   1.4884595e-01   2.7849121e-01   2.2569657e-01
   1.1112621e-01   2.2538780e-01   1.4864918e-01   2.7857656e-01   2.2594302e-01
   1.1108289e-01   2.2536993e-01   1.4845267e-01   2.7866194e-01   2.2618973e-01
   1.1103958e-01   2.2535207e-01   1.4825643e-01   2.7874734e-01   2.2643670e-01
   1.1099627e-01   2.2533421e-01   1.4806044e-01   2.7883277e-01   2.2668393e-01
   1.1095297e-01   2.2531634e-01   1.4786471e-01   2.7891823e-01   2.2693142e-01
   1.1090968e-01   2.2529848e-01   1.4766923e-01   2.7900371e-01   2.2717917e-01
   1.1086640e-01   2.2528062e-01   1.4747402e-01   2.7908922e-01   2.2742719e-01
   1.1082312e-01   2.2526276e-01   1.4727906e-01   2.7917475e-01   2.2767546e-01
   1.1077985e-01   2.2524491e-01   1.4708437e-01   2.7926031e-01   2.2792400e-01
   1.1073659e-01   2.2522705e-01   1.4688993e-01   2.7934590e-01   2.2817280e-01
   1.1069334e-01   2.2520920e-01   1.4669574e-01   2.7943151e-01   2.2842186e-01
   1.1065009e-01   2.2519135e-01   1.4650182e-01   2.7951715e-01   2.2867118e-01
   1.1060685e-01   2.2517350e-01   1.4630815e-01   2.7960281e-01   2.2892077e-01
   1.1056362e-01   2.2515565e-01   1.4611473e-01   2.7968850e-01   2.2917062e-01
   1.1052040e-01   2.2513780e-01   1.4592157e-01   2.7977422e-01   2.2942074e-01
   1.1047719e-01   2.2511995e-01   1.4572867e-01   2.7985996e-01   2.2967112e-01
   1.1043398e-01   2.2510211e-01   1.4553602e-01   2.7994573e-01   2.2992176e-01
   1.1039078e-01   2.2508426e-01   1.4534363e-01   2.8003153e-01   2.3017267e-01
   1.1034759e-01   2.2506642e-01   1.4515149e-01   2.8011735e-01   2.3042385e-01
   1.1030441e-01   2.2504858e-01   1.4495961e-01   2.8020320e-01   2.3067529e-01
   1.1026124e-01   2.2503074e-01   1.4476797e-01   2.8028908e-01   2.3092699e-01
   1.1021807e-01   2.2501290e-01   1.4457660e-01   2.8037498e-01   2.3117897e-01
   1.1017492e-01   2.2499506e-01   1.4438547e-01   2.8046091e-01   2.3143121e-01
   1.1013177e-01   2.2497723e-01   1.4419460e-01   2.8054686e-01   2.3168371e-01
   1.1008863e-01   2.2495939e-01   1.4400398e-01   2.8063284e-01   2.3193649e-01
   1.1004550e-01   2.2494156e-01   1.4381361e-01   2.8071885e-01   2.3218953e-01
   1.1000238e-01   2.2492373e-01   1.4362349e-01   2.8080488e-01   2.3244284e-01
   1.0995927e-01   2.2490590e-01   1.4343363e-01   2.8089094e-01   2.3269642e-01
   1.0991617e-01   2.2488807e-01   1.4324401e-01   2.8097703e-01   2.3295027e-01
   1.0987308e-01   2.2487025e-01   1.4305465e-01   2.8106314e-01   2.3320439e-01
   1.0982999e-01   2.2485242e-01   1.4286554e-01   2.8114928e-01   2.3345877e-01
   1.0978692e-01   2.2483460e-01   1.4267667e-01   2.8123544e-01   2.3371343e-01
   1.0974385e-01   2.2481677e-01   1.4248806e-01   2.8132163e-01   2.3396836e-01
   1.0970080e-01   2.2479895e-01   1.4229970e-01   2.8140785e-01   2.3422356e-01
   1.0965775e-01   2.2478113e-01   1.4211158e-01   2.8149410e-01   2.3447903e-01
   1.0961471e-01   2.2476331e-01   1.4192372e-01   2.8158037e-01   2.3473477e-01
   1.0957168e-01   2.2474550e-01   1.4173610e-01   2.8166667e-01   2.3499078e-01
   1.0952866e-01   2.2472768e-01   1.4154873e-01   2.8175299e-01   2.3524706e-01
   1.0948566e-01   2.2470987e-01   1.4136160e-01   2.8183934e-01   2.3550362e-01
   1.0944266e-01   2.2469205e-01   1.4117473e-01   2.8192572e-01   2.3576045e-01
   1.0939967e-01   2.2467424e-01   1.4098810e-01   2.8201212e-01   2.3601755e-01
   1.0935669e-01   2.2465643e-01   1.4080172e-01   2.8209855e-01   2.3627493e-01
   1.0931372e-01   2.2463862e-01   1.4061559e-01   2.8218500e-01   2.3653258e-01
   1.0927076e-01   2.2462082e-01   1.4042970e-01   2.8227149e-01   2.3679051e-01
   1.0922781e-01   2.2460301e-01   1.4024405e-01   2.8235800e-01   2.3704870e-01
   1.0918487e-01   2.2458521e-01   1.4005866e-01   2.8244453e-01   2.3730718e-01
   1.0914194e-01   2.2456740e-01   1.3987350e-01   2.8253109e-01   2.3756593e-01
   1.0909902e-01   2.2454960e-01   1.3968860e-01   2.8261768e-01   2.3782495e-01
   1.0905611e-01   2.2453180e-01   1.3950393e-01   2.8270430e-01   2.3808425e-01
   1.0901321e-01   2.2451400e-01   1.3931951e-01   2.8279094e-01   2.3834383e-01
   1.0897032e-01   2.2449621e-01   1.3913534e-01   2.8287761e-01   2.3860368e-01
   1.0892745e-01   2.2447841e-01   1.3895141e-01   2.8296430e-01   2.3886381e-01
   1.0888458e-01   2.2446062e-01   1.3876772e-01   2.8305102e-01   2.3912422e-01
   1.0884172e-01   2.2444282e-01   1.3858427e-01   2.8313777e-01   2.3938491e-01
   1.0879888e-01   2.2442503e-01   1.3840107e-01   2.8322455e-01   2.3964587e-01
   1.0875604e-01   2.2440724e-01   1.3821811e-01   2.8331135e-01   2.3990711e-01
   1.0871322e-01   2.2438945e-01   1.3803539e-01   2.8339818e-01   2.4016863e-01
   1.0867040e-01   2.2437166e-01   1.3785291e-01   2.8348503e-01   2.4043043e-01
   1.0862760e-01   2.2435388e-01   1.3767067e-01   2.8357191e-01   2.4069251e-01
   1.0858481e-01   2.2433609e-01   1.3748868e-01   2.8365882e-01   2.4095487e-01
   1.0854202e-01   2.2431831e-01   1.3730692e-01   2.8374575e-01   2.4121751e-01
   1.0849925e-01   2.2430053e-01   1.3712541e-01   2.8383271e-01   2.4148043e-01
   1.0845649e-01   2.2428275e-01   1.3694413e-01   2.8391970e-01   2.4174363e-01
   1.0841374e-01   2.2426497e-01   1.3676310e-01   2.8400672e-01   2.4200711e-01
   1.0837101e-01   2.2424719e-01   1.3658230e-01   2.8409376e-01   2.4227087e-01
   1.0832828e-01   2.2422942e-01   1.3640174e-01   2.8418082e-01   2.4253492e-01
   1.0828557e-01   2.2421164e-01   1.3622143e-01   2.8426792e-01   2.4279924e-01
   1.0824286e-01   2.2419387e-01   1.3604135e-01   2.8435504e-01   2.4306385e-01
   1.0820017e-01   2.2417610e-01   1.3586150e-01   2.8444219e-01   2.4332875e-01
   1.0815749e-01   2.2415833e-01   1.3568190e-01   2.8452936e-01   2.4359392e-01
   1.0811482e-01   2.2414056e-01   1.3550253e-01   2.8461656e-01   2.4385938e-01
   1.0807216e-01   2.2412279e-01   1.3532340e-01   2.8470379e-01   2.4412512e-01
   1.0802951e-01   2.2410502e-01   1.3514451e-01   2.8479104e-01   2.4439115e-01
   1.0798688e-01   2.2408726e-01   1.3496586e-01   2.8487833e-01   2.4465746e-01
   1.0794425e-01   2.2406949e-01   1.3478743e-01   2.8496563e-01   2.4492406e-01
   1.0790164e-01   2.2405173e-01   1.3460925e-01   2.8505297e-01   2.4519094e-01
   1.0785904e-01   2.2403397e-01   1.3443130e-01   2.8514033e-01   2.4545811e-01
   1.0781645e-01   2.2401621e-01   1.3425359e-01   2.8522772e-01   2.4572557e-01
   1.0777387e-01   2.2399845e-01   1.3407611e-01   2.8531513e-01   2.4599331e-01
   1.0773130e-01   2.2398070e-01   1.3389887e-01   2.8540257e-01   2.4626133e-01
   1.0768875e-01   2.2396294e-01   1.3372186e-01   2.8549004e-01   2.4652965e-01
   1.0764621e-01   2.2394519e-01   1.3354508e-01   2.8557754e-01   2.4679825e-01
   1.0760368e-01   2.2392744e-01   1.3336854e-01   2.8566506e-01   2.4706714e-01
   1.0756116e-01   2.2390969e-01   1.3319223e-01   2.8575261e-01   2.4733632e-01
   1.0751865e-01   2.2389194e-01   1.3301616e-01   2.8584019e-01   2.4760578e-01
   1.0747616e-01   2.2387419e-01   1.3284031e-01   2.8592779e-01   2.4787554e-01
   1.0743368e-01   2.2385644e-01   1.3266470e-01   2.8601542e-01   2.4814558e-01
   1.0739121e-01   2.2383870e-01   1.3248933e-01   2.8610308e-01   2.4841592e-01
   1.0734875e-01   2.2382095e-01   1.3231418e-01   2.8619076e-01   2.4868654e-01
   1.0730630e-01   2.2380321e-01   1.3213926e-01   2.8627847e-01   2.4895746e-01
   1.0726387e-01   2.2378547e-01   1.3196458e-01   2.8636621e-01   2.4922866e-01
   1.0722145e-01   2.2376773e-01   1.3179013e-01   2.8645397e-01   2.4950016e-01
   1.0717904e-01   2.2374999e-01   1.3161591e-01   2.8654176e-01   2.4977194e-01
   1.0713664e-01   2.2373226e-01   1.3144192e-01   2.8662958e-01   2.5004402e-01
   1.0709425e-01   2.2371452e-01   1.3126815e-01   2.8671742e-01   2.5031639e-01
   1.0705188e-01   2.2369679e-01   1.3109462e-01   2.8680530e-01   2.5058905e-01
   1.0700952e-01   2.2367905e-01   1.3092132e-01   2.8689319e-01   2.5086201e-01
   1.0696717e-01   2.2366132e-01   1.3074825e-01   2.8698112e-01   2.5113526e-01
   1.0692484e-01   2.2364359e-01   1.3057540e-01   2.8706907e-01   2.5140880e-01
   1.0688252e-01   2.2362586e-01   1.3040279e-01   2.8715705e-01   2.5168264e-01
   1.0684021e-01   2.2360814e-01   1.3023040e-01   2.8724506e-01   2.5195677e-01
   1.0679791e-01   2.2359041e-01   1.3005824e-01   2.8733309e-01   2.5223119e-01
   1.0675562e-01   2.2357269e-01   1.2988631e-01   2.8742115e-01   2.5250591e-01
   1.0671335e-01   2.2355497e-01   1.2971460e-01   2.8750924e-01   2.5278092e-01
   1.0667109e-01   2.2353724e-01   1.2954312e-01   2.8759735e-01   2.5305623e-01
   1.0662885e-01   2.2351952e-01   1.2937187e-01   2.8768549e-01   2.5333184e-01
   1.0658661e-01   2.2350181e-01   1.2920085e-01   2.8777366e-01   2.5360774e-01
   1.0654439e-01   2.2348409e-01   1.2903005e-01   2.8786186e-01   2.5388394e-01
   1.0650218e-01   2.2346637e-01   1.2885947e-01   2.8795008e-01   2.5416044e-01
   1.0645999e-01   2.2344866e-01   1.2868913e-01   2.8803833e-01   2.5443723e-01
   1.0641780e-01   2.2343095e-01   1.2851900e-01   2.8812661e-01   2.5471432e-01
   1.0637563e-01   2.2341323e-01   1.2834911e-01   2.8821491e-01   2.5499171e-01
   1.0633348e-01   2.2339552e-01   1.2817943e-01   2.8830324e-01   2.5526939e-01
   1.0629133e-01   2.2337782e-01   1.2800998e-01   2.8839160e-01   2.5554738e-01
   1.0624920e-01   2.2336011e-01   1.2784076e-01   2.8847998e-01   2.5582566e-01
   1.0620708e-01   2.2334240e-01   1.2767176e-01   2.8856839e-01   2.5610425e-01
   1.0616498e-01   2.2332470e-01   1.2750298e-01   2.8865683e-01   2.5638313e-01
   1.0612288e-01   2.2330700e-01   1.2733443e-01   2.8874530e-01   2.5666231e-01
   1.0608080e-01   2.2328929e-01   1.2716610e-01   2.8883379e-01   2.5694180e-01
   1.0603874e-01   2.2327159e-01   1.2699799e-01   2.8892231e-01   2.5722158e-01
   1.0599669e-01   2.2325390e-01   1.2683010e-01   2.8901086e-01   2.5750167e-01
   1.0595465e-01   2.2323620e-01   1.2666244e-01   2.8909943e-01   2.5778206e-01
   1.0591262e-01   2.2321850e-01   1.2649499e-01   2.8918804e-01   2.5806274e-01
   1.0587061e-01   2.2320081e-01   1.2632777e-01   2.8927666e-01   2.5834374e-01
   1.0582861e-01   2.2318311e-01   1.2616077e-01   2.8936532e-01   2.5862503e-01
   1.0578662e-01   2.2316542e-01   1.2599399e-01   2.8945400e-01   2.5890663e-01
   1.0574465e-01   2.2314773e-01   1.2582743e-01   2.8954271e-01   2.5918853e-01
   1.0570269e-01   2.2313004e-01   1.2566109e-01   2.8963145e-01   2.5947073e-01
   1.0566074e-01   2.2311236e-01   1.2549497e-01   2.8972022e-01   2.5975324e-01
   1.0561881e-01   2.2309467e-01   1.2532907e-01   2.8980901e-01   2.6003605e-01
   1.0557689e-01   2.2307698e-01   1.2516339e-01   2.8989783e-01   2.6031917e-01
   1.0553498e-01   2.2305930e-01   1.2499793e-01   2.8998667e-01   2.6060259e-01
   1.0549309e-01   2.2304162e-01   1.2483269e-01   2.9007555e-01   2.6088632e-01
   1.0545121e-01   2.2302394e-01   1.2466766e-01   2.9016445e-01   2.6117035e-01
   1.0540934e-01   2.2300626e-01   1.2450286e-01   2.9025338e-01   2.6145469e-01
   1.0536749e-01   2.2298858e-01   1.2433827e-01   2.9034233e-01   2.6173934e-01
   1.0532565e-01   2.2297091e-01   1.2417390e-01   2.9043131e-01   2.6202429e-01
   1.0528382e-01   2.2295323e-01   1.2400974e-01   2.9052032e-01   2.6230955e-01
   1.0524201e-01   2.2293556e-01   1.2384581e-01   2.9060936e-01   2.6259511e-01
   1.0520021e-01   2.2291788e-01   1.2368209e-01   2.9069843e-01   2.6288099e-01
   1.0515843e-01   2.2290021e-01   1.2351858e-01   2.9078752e-01   2.6316717e-01
   1.0511666e-01   2.2288254e-01   1.2335530e-01   2.9087664e-01   2.6345367e-01
   1.0507490e-01   2.2286488e-01   1.2319223e-01   2.9096578e-01   2.6374047e-01
   1.0503316e-01   2.2284721e-01   1.2302937e-01   2.9105496e-01   2.6402758e-01
   1.0499143e-01   2.2282954e-01   1.2286673e-01   2.9114416e-01   2.6431500e-01
   1.0494971e-01   2.2281188e-01   1.2270430e-01   2.9123339e-01   2.6460273e-01
   1.0490801e-01   2.2279422e-01   1.2254209e-01   2.9132264e-01   2.6489077e-01
   1.0486632e-01   2.2277656e-01   1.2238010e-01   2.9141192e-01   2.6517912e-01
   1.0482464e-01   2.2275890e-01   1.2221831e-01   2.9150123e-01   2.6546778e-01
   1.0478298e-01   2.2274124e-01   1.2205675e-01   2.9159057e-01   2.6575675e-01
   1.0474134e-01   2.2272358e-01   1.2189539e-01   2.9167994e-01   2.6604604e-01
   1.0469970e-01   2.2270593e-01   1.2173425e-01   2.9176933e-01   2.6633564e-01
   1.0465808e-01   2.2268827e-01   1.2157332e-01   2.9185875e-01   2.6662555e-01
   1.0461648e-01   2.2267062e-01   1.2141261e-01   2.9194820e-01   2.6691577e-01
   1.0457488e-01   2.2265297e-01   1.2125210e-01   2.9203767e-01   2.6720631e-01
   1.0453331e-01   2.2263532e-01   1.2109181e-01   2.9212717e-01   2.6749716e-01
   1.0449174e-01   2.2261767e-01   1.2093173e-01   2.9221670e-01   2.6778832e-01
   1.0445019e-01   2.2260002e-01   1.2077187e-01   2.9230626e-01   2.6807980e-01
   1.0440866e-01   2.2258238e-01   1.2061221e-01   2.9239585e-01   2.6837160e-01
   1.0436713e-01   2.2256474e-01   1.2045276e-01   2.9248546e-01   2.6866370e-01
   1.0432563e-01   2.2254709e-01   1.2029353e-01   2.9257510e-01   2.6895613e-01
   1.0428413e-01   2.2252945e-01   1.2013451e-01   2.9266476e-01   2.6924887e-01
   1.0424265e-01   2.2251181e-01   1.1997569e-01   2.9275446e-01   2.6954192e-01
   1.0420119e-01   2.2249417e-01   1.1981709e-01   2.9284418e-01   2.6983530e-01
   1.0415974e-01   2.2247654e-01   1.1965870e-01   2.9293393e-01   2.7012899e-01
   1.0411830e-01   2.2245890e-01   1.1950051e-01   2.9302371e-01   2.7042299e-01
   1.0407687e-01   2.2244127e-01   1.1934254e-01   2.9311351e-01   2.7071732e-01
   1.0403546e-01   2.2242363e-01   1.1918477e-01   2.9320334e-01   2.7101196e-01
   1.0399407e-01   2.2240600e-01   1.1902721e-01   2.9329320e-01   2.7130692e-01
   1.0395269e-01   2.2238837e-01   1.1886986e-01   2.9338309e-01   2.7160220e-01
   1.0391132e-01   2.2237074e-01   1.1871272e-01   2.9347300e-01   2.7189780e-01
   1.0386997e-01   2.2235311e-01   1.1855579e-01   2.9356295e-01   2.7219372e-01
   1.0382863e-01   2.2233549e-01   1.1839906e-01   2.9365291e-01   2.7248995e-01
   1.0378731e-01   2.2231786e-01   1.1824254e-01   2.9374291e-01   2.7278651e-01
   1.0374599e-01   2.2230024e-01   1.1808623e-01   2.9383294e-01   2.7308339e-01
   1.0370470e-01   2.2228262e-01   1.1793012e-01   2.9392299e-01   2.7338059e-01
   1.0366342e-01   2.2226500e-01   1.1777422e-01   2.9401307e-01   2.7367811e-01
   1.0362215e-01   2.2224738e-01   1.1761853e-01   2.9410318e-01   2.7397595e-01
   1.0358090e-01   2.2222976e-01   1.1746304e-01   2.9419331e-01   2.7427412e-01
   1.0353966e-01   2.2221215e-01   1.1730776e-01   2.9428347e-01   2.7457260e-01
   1.0349843e-01   2.2219453e-01   1.1715268e-01   2.9437367e-01   2.7487141e-01
   1.0345722e-01   2.2217692e-01   1.1699781e-01   2.9446388e-01   2.7517055e-01
   1.0341603e-01   2.2215931e-01   1.1684314e-01   2.9455413e-01   2.7547000e-01
   1.0337485e-01   2.2214169e-01   1.1668868e-01   2.9464440e-01   2.7576978e-01
   1.0333368e-01   2.2212409e-01   1.1653442e-01   2.9473470e-01   2.7606989e-01
   1.0329253e-01   2.2210648e-01   1.1638037e-01   2.9482503e-01   2.7637031e-01
   1.0325139e-01   2.2208887e-01   1.1622652e-01   2.9491539e-01   2.7667107e-01
   1.0321026e-01   2.2207127e-01   1.1607287e-01   2.9500577e-01   2.7697215e-01
   1.0316916e-01   2.2205366e-01   1.1591943e-01   2.9509618e-01   2.7727355e-01
   1.0312806e-01   2.2203606e-01   1.1576619e-01   2.9518662e-01   2.7757528e-01
   1.0308698e-01   2.2201846e-01   1.1561315e-01   2.9527709e-01   2.7787734e-01
   1.0304591e-01   2.2200086e-01   1.1546031e-01   2.9536759e-01   2.7817972e-01
   1.0300486e-01   2.2198326e-01   1.1530768e-01   2.9545811e-01   2.7848243e-01
   1.0296382e-01   2.2196566e-01   1.1515524e-01   2.9554866e-01   2.7878547e-01
   1.0292280e-01   2.2194807e-01   1.1500301e-01   2.9563924e-01   2.7908884e-01
   1.0288179e-01   2.2193048e-01   1.1485098e-01   2.9572984e-01   2.7939253e-01
   1.0284080e-01   2.2191288e-01   1.1469915e-01   2.9582048e-01   2.7969656e-01
   1.0279982e-01   2.2189529e-01   1.1454753e-01   2.9591114e-01   2.8000091e-01
   1.0275886e-01   2.2187770e-01   1.1439610e-01   2.9600183e-01   2.8030559e-01
   1.0271791e-01   2.2186011e-01   1.1424487e-01   2.9609254e-01   2.8061060e-01
   1.0267697e-01   2.2184253e-01   1.1409384e-01   2.9618329e-01   2.8091594e-01
   1.0263605e-01   2.2182494e-01   1.1394301e-01   2.9627406e-01   2.8122162e-01
   1.0259514e-01   2.2180736e-01   1.1379239e-01   2.9636486e-01   2.8152762e-01
   1.0255425e-01   2.2178977e-01   1.1364196e-01   2.9645569e-01   2.8183395e-01
   1.0251337e-01   2.2177219e-01   1.1349173e-01   2.9654655e-01   2.8214062e-01
   1.0247251e-01   2.2175461e-01   1.1334169e-01   2.9663743e-01   2.8244762e-01
   1.0243166e-01   2.2173704e-01   1.1319186e-01   2.9672834e-01   2.8275495e-01
