   4.7336103e-03   3.4453873e-03   0.0000000e+00   9.9986231e-01   3.4238952e-04
   5.0446278e-03   4.7401870e-03   1.3031504e-02   9.7643618e-01   8.8025278e-03
   5.3544741e-03   6.0201444e-03   2.5340737e-02   9.5403387e-01   1.6944834e-02
   5.6631527e-03   7.2854455e-03   3.6916205e-02   9.3260939e-01   2.4781369e-02
   5.9706671e-03   8.5362742e-03   4.7801899e-02   9.1211880e-01   3.2323738e-02
   6.2770205e-03   9.7728121e-03   5.8039170e-02   8.9252016e-01   3.9583105e-02
   6.5822164e-03   1.0995238e-02   6.7666891e-02   8.7377339e-01   4.6570210e-02
   6.8862583e-03   1.2203730e-02   7.6721606e-02   8.5584024e-01   5.3295386e-02
   7.1891494e-03   1.3398462e-02   8.5237667e-02   8.3868415e-01   5.9768574e-02
   7.4908932e-03   1.4579608e-02   9.3247366e-02   8.2227022e-01   6.5999337e-02
   7.7914929e-03   1.5747336e-02   1.0078106e-01   8.0656513e-01   7.1996876e-02
   8.0909520e-03   1.6901817e-02   1.0786729e-01   7.9153704e-01   7.7770041e-02
   8.3892738e-03   1.8043216e-02   1.1453287e-01   7.7715555e-01   8.3327350e-02
   8.6864615e-03   1.9171697e-02   1.2080304e-01   7.6339162e-01   8.8676993e-02
   8.9825187e-03   2.0287423e-02   1.2670149e-01   7.5021753e-01   9.3826853e-02
   9.2774484e-03   2.1390554e-02   1.3225050e-01   7.3760678e-01   9.8784512e-02
   9.5712542e-03   2.2481248e-02   1.3747103e-01   7.2553410e-01   1.0355726e-01
   9.8639392e-03   2.3559662e-02   1.4238278e-01   7.1397532e-01   1.0815213e-01
   1.0155507e-02   2.4625948e-02   1.4700425e-01   7.0290738e-01   1.1257586e-01
   1.0445960e-02   2.5680261e-02   1.5135284e-01   6.9230824e-01   1.1683494e-01
   1.0735302e-02   2.6722750e-02   1.5544493e-01   6.8215686e-01   1.2093563e-01
   1.1023537e-02   2.7753564e-02   1.5929587e-01   6.7243316e-01   1.2488395e-01
   1.1310668e-02   2.8772849e-02   1.6292014e-01   6.6311794e-01   1.2868566e-01
   1.1596697e-02   2.9780751e-02   1.6633133e-01   6.5419286e-01   1.3234634e-01
   1.1881628e-02   3.0777412e-02   1.6954220e-01   6.4564043e-01   1.3587135e-01
   1.2165465e-02   3.1762974e-02   1.7256477e-01   6.3744394e-01   1.3926582e-01
   1.2448210e-02   3.2737577e-02   1.7541033e-01   6.2958740e-01   1.4253471e-01
   1.2729866e-02   3.3701358e-02   1.7808949e-01   6.2205559e-01   1.4568280e-01
   1.3010438e-02   3.4654453e-02   1.8061222e-01   6.1483392e-01   1.4871467e-01
   1.3289928e-02   3.5596997e-02   1.8298791e-01   6.0790851e-01   1.5163472e-01
   1.3568339e-02   3.6529122e-02   1.8522538e-01   6.0126606e-01   1.5444720e-01
   1.3845675e-02   3.7450960e-02   1.8733290e-01   5.9489389e-01   1.5715620e-01
   1.4121938e-02   3.8362640e-02   1.8931828e-01   5.8877988e-01   1.5976564e-01
   1.4397132e-02   3.9264290e-02   1.9118883e-01   5.8291248e-01   1.6227931e-01
   1.4671260e-02   4.0156036e-02   1.9295145e-01   5.7728062e-01   1.6470083e-01
   1.4944325e-02   4.1038002e-02   1.9461259e-01   5.7187375e-01   1.6703371e-01
   1.5216330e-02   4.1910313e-02   1.9617835e-01   5.6668180e-01   1.6928131e-01
   1.5487278e-02   4.2773089e-02   1.9765445e-01   5.6169514e-01   1.7144687e-01
   1.5757173e-02   4.3626450e-02   1.9904626e-01   5.5690458e-01   1.7353350e-01
   1.6026018e-02   4.4470515e-02   2.0035884e-01   5.5230133e-01   1.7554421e-01
   1.6293815e-02   4.5305402e-02   2.0159693e-01   5.4787702e-01   1.7748186e-01
   1.6560568e-02   4.6131225e-02   2.0276501e-01   5.4362364e-01   1.7934924e-01
   1.6826280e-02   4.6948100e-02   2.0386727e-01   5.3953354e-01   1.8114901e-01
   1.7090953e-02   4.7756138e-02   2.0490767e-01   5.3559941e-01   1.8288374e-01
   1.7354592e-02   4.8555451e-02   2.0588990e-01   5.3181429e-01   1.8455590e-01
   1.7617198e-02   4.9346150e-02   2.0681746e-01   5.2817150e-01   1.8616786e-01
   1.7878776e-02   5.0128343e-02   2.0769363e-01   5.2466469e-01   1.8772191e-01
   1.8139327e-02   5.0902136e-02   2.0852149e-01   5.2128778e-01   1.8922026e-01
   1.8398856e-02   5.1667637e-02   2.0930394e-01   5.1803497e-01   1.9066500e-01
   1.8657365e-02   5.2424949e-02   2.1004369e-01   5.1490072e-01   1.9205819e-01
   1.8914857e-02   5.3174176e-02   2.1074332e-01   5.1187972e-01   1.9340177e-01
   1.9171335e-02   5.3915420e-02   2.1140522e-01   5.0896694e-01   1.9469764e-01
   1.9426803e-02   5.4648782e-02   2.1203167e-01   5.0615754e-01   1.9594759e-01
   1.9681262e-02   5.5374361e-02   2.1262479e-01   5.0344690e-01   1.9715339e-01
   1.9934717e-02   5.6092256e-02   2.1318657e-01   5.0083063e-01   1.9831669e-01
   2.0187169e-02   5.6802563e-02   2.1371890e-01   4.9830452e-01   1.9943912e-01
   2.0438623e-02   5.7505379e-02   2.1422354e-01   4.9586456e-01   2.0052223e-01
   2.0689081e-02   5.8200797e-02   2.1470216e-01   4.9350690e-01   2.0156752e-01
   2.0938546e-02   5.8888912e-02   2.1515632e-01   4.9122789e-01   2.0257641e-01
   2.1187021e-02   5.9569816e-02   2.1558748e-01   4.8902402e-01   2.0355029e-01
   2.1434508e-02   6.0243600e-02   2.1599702e-01   4.8689196e-01   2.0449049e-01
   2.1681011e-02   6.0910354e-02   2.1638625e-01   4.8482851e-01   2.0539830e-01
   2.1926533e-02   6.1570167e-02   2.1675637e-01   4.8283063e-01   2.0627493e-01
   2.2171077e-02   6.2223126e-02   2.1710855e-01   4.8089540e-01   2.0712158e-01
   2.2414645e-02   6.2869319e-02   2.1744385e-01   4.7902004e-01   2.0793938e-01
   2.2657241e-02   6.3508831e-02   2.1776329e-01   4.7720191e-01   2.0872944e-01
   2.2898867e-02   6.4141746e-02   2.1806782e-01   4.7543845e-01   2.0949279e-01
   2.3139526e-02   6.4768149e-02   2.1835833e-01   4.7372726e-01   2.1023047e-01
   2.3379221e-02   6.5388121e-02   2.1863567e-01   4.7206602e-01   2.1094344e-01
   2.3617955e-02   6.6001743e-02   2.1890063e-01   4.7045252e-01   2.1163264e-01
   2.3855730e-02   6.6609098e-02   2.1915395e-01   4.6888465e-01   2.1229898e-01
   2.4092551e-02   6.7210263e-02   2.1939633e-01   4.6736040e-01   2.1294332e-01
   2.4328418e-02   6.7805317e-02   2.1962843e-01   4.6587783e-01   2.1356650e-01
   2.4563336e-02   6.8394338e-02   2.1985086e-01   4.6443512e-01   2.1416933e-01
   2.4797307e-02   6.8977402e-02   2.2006421e-01   4.6303051e-01   2.1475258e-01
   2.5030334e-02   6.9554585e-02   2.2026902e-01   4.6166232e-01   2.1531699e-01
   2.5262420e-02   7.0125962e-02   2.2046581e-01   4.6032895e-01   2.1586328e-01
   2.5493567e-02   7.0691605e-02   2.2065505e-01   4.5902887e-01   2.1639213e-01
   2.5723779e-02   7.1251588e-02   2.2083721e-01   4.5776062e-01   2.1690422e-01
   2.5953058e-02   7.1805983e-02   2.2101270e-01   4.5652281e-01   2.1740018e-01
   2.6181406e-02   7.2354860e-02   2.2118194e-01   4.5531411e-01   2.1788061e-01
   2.6408827e-02   7.2898290e-02   2.2134528e-01   4.5413323e-01   2.1834612e-01
   2.6635324e-02   7.3436342e-02   2.2150310e-01   4.5297898e-01   2.1879727e-01
   2.6860899e-02   7.3969084e-02   2.2165572e-01   4.5185017e-01   2.1923461e-01
   2.7085555e-02   7.4496584e-02   2.2180345e-01   4.5074572e-01   2.1965865e-01
   2.7309294e-02   7.5018908e-02   2.2194659e-01   4.4966456e-01   2.2006991e-01
   2.7532120e-02   7.5536123e-02   2.2208542e-01   4.4860567e-01   2.2046888e-01
   2.7754035e-02   7.6048293e-02   2.2222020e-01   4.4756810e-01   2.2085601e-01
   2.7975041e-02   7.6555482e-02   2.2235116e-01   4.4655092e-01   2.2123177e-01
   2.8195143e-02   7.7057754e-02   2.2247855e-01   4.4555325e-01   2.2159658e-01
   2.8414341e-02   7.7555171e-02   2.2260257e-01   4.4457425e-01   2.2195086e-01
   2.8632640e-02   7.8047796e-02   2.2272343e-01   4.4361311e-01   2.2229502e-01
   2.8850041e-02   7.8535689e-02   2.2284132e-01   4.4266907e-01   2.2262943e-01
   2.9066547e-02   7.9018910e-02   2.2295641e-01   4.4174139e-01   2.2295447e-01
   2.9282162e-02   7.9497520e-02   2.2306889e-01   4.4082938e-01   2.2327049e-01
   2.9496887e-02   7.9971577e-02   2.2317890e-01   4.3993237e-01   2.2357784e-01
   2.9710726e-02   8.0441139e-02   2.2328660e-01   4.3904971e-01   2.2387685e-01
   2.9923680e-02   8.0906263e-02   2.2339213e-01   4.3818080e-01   2.2416784e-01
   3.0135753e-02   8.1367006e-02   2.2349561e-01   4.3732506e-01   2.2445111e-01
   3.0346948e-02   8.1823425e-02   2.2359717e-01   4.3648192e-01   2.2472695e-01
   3.0557266e-02   8.2275573e-02   2.2369693e-01   4.3565086e-01   2.2499566e-01
   3.0766711e-02   8.2723507e-02   2.2379500e-01   4.3483137e-01   2.2525749e-01
   3.0975285e-02   8.3167279e-02   2.2389147e-01   4.3402296e-01   2.2551272e-01
   3.1182991e-02   8.3606943e-02   2.2398646e-01   4.3322518e-01   2.2576160e-01
   3.1389831e-02   8.4042552e-02   2.2408004e-01   4.3243758e-01   2.2600436e-01
   3.1595808e-02   8.4474157e-02   2.2417230e-01   4.3165973e-01   2.2624124e-01
   3.1800924e-02   8.4901810e-02   2.2426333e-01   4.3089123e-01   2.2647247e-01
   3.2005183e-02   8.5325561e-02   2.2435319e-01   4.3013171e-01   2.2669826e-01
   3.2208586e-02   8.5745460e-02   2.2444197e-01   4.2938078e-01   2.2691882e-01
   3.2411137e-02   8.6161557e-02   2.2452972e-01   4.2863810e-01   2.2713435e-01
   3.2612838e-02   8.6573900e-02   2.2461651e-01   4.2790333e-01   2.2734504e-01
   3.2813691e-02   8.6982538e-02   2.2470240e-01   4.2717616e-01   2.2755107e-01
   3.3013698e-02   8.7387517e-02   2.2478744e-01   4.2645627e-01   2.2775263e-01
   3.3212864e-02   8.7788886e-02   2.2487168e-01   4.2574337e-01   2.2794988e-01
   3.3411189e-02   8.8186690e-02   2.2495519e-01   4.2503719e-01   2.2814299e-01
   3.3608677e-02   8.8580975e-02   2.2503799e-01   4.2433745e-01   2.2833212e-01
   3.3805330e-02   8.8971786e-02   2.2512014e-01   4.2364390e-01   2.2851742e-01
   3.4001150e-02   8.9359169e-02   2.2520167e-01   4.2295630e-01   2.2869903e-01
   3.4196141e-02   8.9743167e-02   2.2528262e-01   4.2227441e-01   2.2887711e-01
   3.4390304e-02   9.0123823e-02   2.2536303e-01   4.2159801e-01   2.2905177e-01
   3.4583642e-02   9.0501181e-02   2.2544294e-01   4.2092690e-01   2.2922317e-01
   3.4776158e-02   9.0875283e-02   2.2552237e-01   4.2026086e-01   2.2939141e-01
   3.4967853e-02   9.1246172e-02   2.2560136e-01   4.1959970e-01   2.2955662e-01
   3.5158731e-02   9.1613888e-02   2.2567992e-01   4.1894324e-01   2.2971891e-01
   3.5348795e-02   9.1978473e-02   2.2575810e-01   4.1829130e-01   2.2987841e-01
   3.5538045e-02   9.2339966e-02   2.2583591e-01   4.1764372e-01   2.3003521e-01
   3.5726486e-02   9.2698408e-02   2.2591337e-01   4.1700032e-01   2.3018942e-01
   3.5914119e-02   9.3053839e-02   2.2599052e-01   4.1636096e-01   2.3034114e-01
   3.6100946e-02   9.3406297e-02   2.2606736e-01   4.1572549e-01   2.3049047e-01
   3.6286971e-02   9.3755820e-02   2.2614393e-01   4.1509377e-01   2.3063749e-01
   3.6472195e-02   9.4102447e-02   2.2622023e-01   4.1446566e-01   2.3078230e-01
   3.6656621e-02   9.4446215e-02   2.2629628e-01   4.1384103e-01   2.3092498e-01
   3.6840252e-02   9.4787161e-02   2.2637211e-01   4.1321977e-01   2.3106561e-01
   3.7023090e-02   9.5125322e-02   2.2644772e-01   4.1260175e-01   2.3120427e-01
   3.7205137e-02   9.5460734e-02   2.2652313e-01   4.1198687e-01   2.3134105e-01
   3.7386395e-02   9.5793432e-02   2.2659836e-01   4.1137501e-01   2.3147600e-01
   3.7566868e-02   9.6123451e-02   2.2667341e-01   4.1076608e-01   2.3160920e-01
   3.7746557e-02   9.6450827e-02   2.2674829e-01   4.1015997e-01   2.3174073e-01
   3.7925465e-02   9.6775594e-02   2.2682303e-01   4.0955659e-01   2.3187063e-01
   3.8103594e-02   9.7097786e-02   2.2689763e-01   4.0895586e-01   2.3199899e-01
   3.8280946e-02   9.7417436e-02   2.2697209e-01   4.0835769e-01   2.3212585e-01
   3.8457524e-02   9.7734577e-02   2.2704643e-01   4.0776199e-01   2.3225127e-01
   3.8633331e-02   9.8049242e-02   2.2712066e-01   4.0716869e-01   2.3237532e-01
   3.8808368e-02   9.8361463e-02   2.2719478e-01   4.0657772e-01   2.3249804e-01
   3.8982638e-02   9.8671272e-02   2.2726881e-01   4.0598900e-01   2.3261949e-01
   3.9156143e-02   9.8978701e-02   2.2734275e-01   4.0540247e-01   2.3273971e-01
   3.9328885e-02   9.9283781e-02   2.2741660e-01   4.0481805e-01   2.3285875e-01
   3.9500868e-02   9.9586542e-02   2.2749038e-01   4.0423570e-01   2.3297667e-01
   3.9672092e-02   9.9887014e-02   2.2756408e-01   4.0365534e-01   2.3309349e-01
   3.9842562e-02   1.0018523e-01   2.2763772e-01   4.0307693e-01   2.3320928e-01
   4.0012277e-02   1.0048121e-01   2.2771130e-01   4.0250040e-01   2.3332405e-01
   4.0181242e-02   1.0077500e-01   2.2778483e-01   4.0192571e-01   2.3343787e-01
   4.0349458e-02   1.0106661e-01   2.2785830e-01   4.0135281e-01   2.3355076e-01
   4.0516928e-02   1.0135609e-01   2.2793173e-01   4.0078165e-01   2.3366276e-01
   4.0683654e-02   1.0164345e-01   2.2800512e-01   4.0021218e-01   2.3377390e-01
   4.0849638e-02   1.0192872e-01   2.2807847e-01   3.9964437e-01   2.3388423e-01
   4.1014882e-02   1.0221193e-01   2.2815178e-01   3.9907816e-01   2.3399376e-01
   4.1179389e-02   1.0249311e-01   2.2822507e-01   3.9851352e-01   2.3410254e-01
   4.1343161e-02   1.0277229e-01   2.2829832e-01   3.9795042e-01   2.3421059e-01
   4.1506199e-02   1.0304949e-01   2.2837156e-01   3.9738881e-01   2.3431795e-01
   4.1668508e-02   1.0332473e-01   2.2844477e-01   3.9682866e-01   2.3442463e-01
   4.1830088e-02   1.0359805e-01   2.2851796e-01   3.9626995e-01   2.3453067e-01
   4.1990941e-02   1.0386947e-01   2.2859113e-01   3.9571263e-01   2.3463609e-01
   4.2151071e-02   1.0413901e-01   2.2866429e-01   3.9515667e-01   2.3474091e-01
   4.2310479e-02   1.0440670e-01   2.2873744e-01   3.9460206e-01   2.3484517e-01
   4.2469167e-02   1.0467256e-01   2.2881058e-01   3.9404875e-01   2.3494888e-01
   4.2627138e-02   1.0493662e-01   2.2888371e-01   3.9349673e-01   2.3505207e-01
   4.2784394e-02   1.0519890e-01   2.2895684e-01   3.9294596e-01   2.3515475e-01
   4.2940937e-02   1.0545942e-01   2.2902996e-01   3.9239643e-01   2.3525695e-01
   4.3096769e-02   1.0571822e-01   2.2910307e-01   3.9184811e-01   2.3535869e-01
   4.3251893e-02   1.0597530e-01   2.2917619e-01   3.9130098e-01   2.3545998e-01
   4.3406310e-02   1.0623070e-01   2.2924931e-01   3.9075502e-01   2.3556085e-01
   4.3560023e-02   1.0648444e-01   2.2932243e-01   3.9021020e-01   2.3566130e-01
   4.3713033e-02   1.0673653e-01   2.2939555e-01   3.8966652e-01   2.3576137e-01
   4.3865344e-02   1.0698700e-01   2.2946868e-01   3.8912394e-01   2.3586105e-01
   4.4016957e-02   1.0723588e-01   2.2954181e-01   3.8858245e-01   2.3596038e-01
   4.4167874e-02   1.0748318e-01   2.2961495e-01   3.8804204e-01   2.3605937e-01
   4.4318097e-02   1.0772893e-01   2.2968810e-01   3.8750268e-01   2.3615802e-01
   4.4467629e-02   1.0797314e-01   2.2976125e-01   3.8696437e-01   2.3625635e-01
   4.4616472e-02   1.0821583e-01   2.2983442e-01   3.8642708e-01   2.3635438e-01
   4.4764628e-02   1.0845704e-01   2.2990759e-01   3.8589080e-01   2.3645212e-01
   4.4912098e-02   1.0869677e-01   2.2998078e-01   3.8535553e-01   2.3654958e-01
   4.5058886e-02   1.0893504e-01   2.3005397e-01   3.8482124e-01   2.3664678e-01
   4.5204992e-02   1.0917188e-01   2.3012718e-01   3.8428792e-01   2.3674372e-01
   4.5350420e-02   1.0940731e-01   2.3020041e-01   3.8375557e-01   2.3684041e-01
   4.5495171e-02   1.0964134e-01   2.3027364e-01   3.8322416e-01   2.3693687e-01
   4.5639248e-02   1.0987400e-01   2.3034689e-01   3.8269370e-01   2.3703311e-01
   4.5782651e-02   1.1010529e-01   2.3042016e-01   3.8216416e-01   2.3712913e-01
   4.5925385e-02   1.1033525e-01   2.3049344e-01   3.8163553e-01   2.3722495e-01
   4.6067450e-02   1.1056388e-01   2.3056674e-01   3.8110782e-01   2.3732058e-01
   4.6208848e-02   1.1079122e-01   2.3064005e-01   3.8058100e-01   2.3741601e-01
   4.6349583e-02   1.1101726e-01   2.3071338e-01   3.8005507e-01   2.3751127e-01
   4.6489655e-02   1.1124204e-01   2.3078672e-01   3.7953003e-01   2.3760636e-01
   4.6629066e-02   1.1146557e-01   2.3086009e-01   3.7900585e-01   2.3770129e-01
   4.6767820e-02   1.1168786e-01   2.3093347e-01   3.7848254e-01   2.3779606e-01
   4.6905917e-02   1.1190893e-01   2.3100687e-01   3.7796009e-01   2.3789068e-01
   4.7043360e-02   1.1212881e-01   2.3108029e-01   3.7743848e-01   2.3798517e-01
   4.7180152e-02   1.1234750e-01   2.3115372e-01   3.7691772e-01   2.3807951e-01
   4.7316292e-02   1.1256502e-01   2.3122718e-01   3.7639779e-01   2.3817373e-01
   4.7451785e-02   1.1278140e-01   2.3130065e-01   3.7587869e-01   2.3826783e-01
   4.7586632e-02   1.1299663e-01   2.3137415e-01   3.7536041e-01   2.3836182e-01
   4.7720835e-02   1.1321075e-01   2.3144766e-01   3.7484295e-01   2.3845569e-01
   4.7854395e-02   1.1342376e-01   2.3152120e-01   3.7432630e-01   2.3854946e-01
   4.7987316e-02   1.1363568e-01   2.3159475e-01   3.7381045e-01   2.3864313e-01
   4.8119598e-02   1.1384653e-01   2.3166833e-01   3.7329540e-01   2.3873670e-01
   4.8251244e-02   1.1405631e-01   2.3174192e-01   3.7278115e-01   2.3883019e-01
   4.8382256e-02   1.1426506e-01   2.3181554e-01   3.7226768e-01   2.3892359e-01
   4.8512636e-02   1.1447277e-01   2.3188918e-01   3.7175500e-01   2.3901691e-01
   4.8642385e-02   1.1467947e-01   2.3196284e-01   3.7124310e-01   2.3911016e-01
   4.8771506e-02   1.1488516e-01   2.3203652e-01   3.7073198e-01   2.3920333e-01
   4.8900001e-02   1.1508987e-01   2.3211022e-01   3.7022162e-01   2.3929644e-01
   4.9027871e-02   1.1529360e-01   2.3218394e-01   3.6971203e-01   2.3938948e-01
   4.9155119e-02   1.1549637e-01   2.3225768e-01   3.6920321e-01   2.3948246e-01
   4.9281746e-02   1.1569820e-01   2.3233145e-01   3.6869514e-01   2.3957539e-01
   4.9407754e-02   1.1589909e-01   2.3240524e-01   3.6818783e-01   2.3966826e-01
   4.9533146e-02   1.1609907e-01   2.3247905e-01   3.6768127e-01   2.3976109e-01
   4.9657923e-02   1.1629813e-01   2.3255288e-01   3.6717546e-01   2.3985386e-01
   4.9782087e-02   1.1649630e-01   2.3262673e-01   3.6667039e-01   2.3994660e-01
   4.9905640e-02   1.1669359e-01   2.3270061e-01   3.6616606e-01   2.4003929e-01
   5.0028584e-02   1.1689001e-01   2.3277451e-01   3.6566247e-01   2.4013195e-01
   5.0150921e-02   1.1708557e-01   2.3284843e-01   3.6515962e-01   2.4022457e-01
   5.0272652e-02   1.1728029e-01   2.3292237e-01   3.6465750e-01   2.4031716e-01
   5.0393780e-02   1.1747418e-01   2.3299633e-01   3.6415611e-01   2.4040972e-01
   5.0514307e-02   1.1766724e-01   2.3307032e-01   3.6365544e-01   2.4050225e-01
   5.0634233e-02   1.1785950e-01   2.3314433e-01   3.6315550e-01   2.4059476e-01
   5.0753562e-02   1.1805095e-01   2.3321837e-01   3.6265627e-01   2.4068725e-01
   5.0872295e-02   1.1824163e-01   2.3329242e-01   3.6215777e-01   2.4077971e-01
   5.0990434e-02   1.1843152e-01   2.3336650e-01   3.6165998e-01   2.4087216e-01
   5.1107981e-02   1.1862066e-01   2.3344060e-01   3.6116291e-01   2.4096459e-01
   5.1224937e-02   1.1880904e-01   2.3351473e-01   3.6066655e-01   2.4105701e-01
   5.1341305e-02   1.1899668e-01   2.3358888e-01   3.6017089e-01   2.4114941e-01
   5.1457086e-02   1.1918359e-01   2.3366305e-01   3.5967595e-01   2.4124180e-01
   5.1572283e-02   1.1936978e-01   2.3373724e-01   3.5918170e-01   2.4133419e-01
   5.1686896e-02   1.1955526e-01   2.3381146e-01   3.5868816e-01   2.4142656e-01
   5.1800928e-02   1.1974004e-01   2.3388570e-01   3.5819532e-01   2.4151893e-01
   5.1914380e-02   1.1992414e-01   2.3395996e-01   3.5770318e-01   2.4161130e-01
   5.2027255e-02   1.2010755e-01   2.3403424e-01   3.5721174e-01   2.4170367e-01
   5.2139555e-02   1.2029030e-01   2.3410855e-01   3.5672099e-01   2.4179603e-01
   5.2251280e-02   1.2047238e-01   2.3418289e-01   3.5623093e-01   2.4188839e-01
   5.2362433e-02   1.2065382e-01   2.3425724e-01   3.5574156e-01   2.4198076e-01
   5.2473016e-02   1.2083462e-01   2.3433162e-01   3.5525289e-01   2.4207313e-01
   5.2583030e-02   1.2101479e-01   2.3440602e-01   3.5476490e-01   2.4216550e-01
   5.2692477e-02   1.2119434e-01   2.3448045e-01   3.5427759e-01   2.4225787e-01
   5.2801359e-02   1.2137327e-01   2.3455490e-01   3.5379097e-01   2.4235026e-01
   5.2909678e-02   1.2155161e-01   2.3462937e-01   3.5330503e-01   2.4244265e-01
   5.3017436e-02   1.2172935e-01   2.3470387e-01   3.5281978e-01   2.4253505e-01
   5.3124633e-02   1.2190651e-01   2.3477839e-01   3.5233520e-01   2.4262746e-01
   5.3231273e-02   1.2208309e-01   2.3485293e-01   3.5185130e-01   2.4271987e-01
   5.3337357e-02   1.2225911e-01   2.3492749e-01   3.5136807e-01   2.4281230e-01
   5.3442886e-02   1.2243457e-01   2.3500208e-01   3.5088553e-01   2.4290475e-01
   5.3547862e-02   1.2260948e-01   2.3507670e-01   3.5040365e-01   2.4299720e-01
   5.3652287e-02   1.2278385e-01   2.3515133e-01   3.4992245e-01   2.4308967e-01
   5.3756163e-02   1.2295769e-01   2.3522599e-01   3.4944191e-01   2.4318216e-01
   5.3859492e-02   1.2313100e-01   2.3530068e-01   3.4896205e-01   2.4327466e-01
   5.3962275e-02   1.2330380e-01   2.3537539e-01   3.4848285e-01   2.4336717e-01
   5.4064513e-02   1.2347608e-01   2.3545012e-01   3.4800432e-01   2.4345970e-01
   5.4166210e-02   1.2364787e-01   2.3552487e-01   3.4752646e-01   2.4355225e-01
   5.4267365e-02   1.2381917e-01   2.3559965e-01   3.4704926e-01   2.4364482e-01
   5.4367982e-02   1.2398998e-01   2.3567445e-01   3.4657272e-01   2.4373741e-01
   5.4468062e-02   1.2416031e-01   2.3574928e-01   3.4609684e-01   2.4383002e-01
   5.4567605e-02   1.2433018e-01   2.3582413e-01   3.4562163e-01   2.4392265e-01
   5.4666616e-02   1.2449958e-01   2.3589900e-01   3.4514707e-01   2.4401529e-01
   5.4765093e-02   1.2466853e-01   2.3597390e-01   3.4467317e-01   2.4410796e-01
   5.4863041e-02   1.2483703e-01   2.3604882e-01   3.4419993e-01   2.4420066e-01
   5.4960459e-02   1.2500509e-01   2.3612376e-01   3.4372734e-01   2.4429337e-01
   5.5057351e-02   1.2517272e-01   2.3619873e-01   3.4325541e-01   2.4438611e-01
   5.5153717e-02   1.2533992e-01   2.3627372e-01   3.4278413e-01   2.4447887e-01
   5.5249559e-02   1.2550670e-01   2.3634873e-01   3.4231350e-01   2.4457165e-01
   5.5344879e-02   1.2567307e-01   2.3642377e-01   3.4184352e-01   2.4466446e-01
   5.5439678e-02   1.2583904e-01   2.3649884e-01   3.4137419e-01   2.4475729e-01
   5.5533959e-02   1.2600460e-01   2.3657392e-01   3.4090551e-01   2.4485015e-01
   5.5627723e-02   1.2616977e-01   2.3664903e-01   3.4043748e-01   2.4494303e-01
   5.5720970e-02   1.2633456e-01   2.3672417e-01   3.3997010e-01   2.4503594e-01
   5.5813704e-02   1.2649897e-01   2.3679932e-01   3.3950336e-01   2.4512887e-01
   5.5905926e-02   1.2666300e-01   2.3687451e-01   3.3903726e-01   2.4522184e-01
   5.5997637e-02   1.2682667e-01   2.3694971e-01   3.3857181e-01   2.4531482e-01
   5.6088839e-02   1.2698997e-01   2.3702494e-01   3.3810700e-01   2.4540784e-01
   5.6179534e-02   1.2715292e-01   2.3710019e-01   3.3764283e-01   2.4550088e-01
   5.6269722e-02   1.2731553e-01   2.3717547e-01   3.3717930e-01   2.4559395e-01
   5.6359407e-02   1.2747779e-01   2.3725077e-01   3.3671641e-01   2.4568705e-01
   5.6448589e-02   1.2763971e-01   2.3732610e-01   3.3625416e-01   2.4578018e-01
   5.6537270e-02   1.2780130e-01   2.3740145e-01   3.3579254e-01   2.4587334e-01
   5.6625451e-02   1.2796257e-01   2.3747682e-01   3.3533157e-01   2.4596652e-01
   5.6713135e-02   1.2812352e-01   2.3755221e-01   3.3487122e-01   2.4605973e-01
   5.6800323e-02   1.2828415e-01   2.3762763e-01   3.3441151e-01   2.4615298e-01
   5.6887016e-02   1.2844448e-01   2.3770308e-01   3.3395244e-01   2.4624625e-01
   5.6973215e-02   1.2860450e-01   2.3777855e-01   3.3349399e-01   2.4633955e-01
   5.7058924e-02   1.2876422e-01   2.3785404e-01   3.3303618e-01   2.4643289e-01
   5.7144142e-02   1.2892366e-01   2.3792956e-01   3.3257900e-01   2.4652625e-01
   5.7228872e-02   1.2908280e-01   2.3800510e-01   3.3212245e-01   2.4661964e-01
   5.7313116e-02   1.2924167e-01   2.3808066e-01   3.3166652e-01   2.4671307e-01
   5.7396874e-02   1.2940025e-01   2.3815625e-01   3.3121123e-01   2.4680652e-01
   5.7480148e-02   1.2955857e-01   2.3823186e-01   3.3075656e-01   2.4690001e-01
   5.7562940e-02   1.2971662e-01   2.3830750e-01   3.3030251e-01   2.4699353e-01
   5.7645252e-02   1.2987441e-01   2.3838316e-01   3.2984909e-01   2.4708708e-01
   5.7727084e-02   1.3003194e-01   2.3845884e-01   3.2939630e-01   2.4718066e-01
   5.7808439e-02   1.3018922e-01   2.3853455e-01   3.2894412e-01   2.4727427e-01
   5.7889318e-02   1.3034626e-01   2.3861028e-01   3.2849257e-01   2.4736791e-01
   5.7969723e-02   1.3050305e-01   2.3868604e-01   3.2804164e-01   2.4746159e-01
   5.8049655e-02   1.3065960e-01   2.3876182e-01   3.2759133e-01   2.4755530e-01
   5.8129115e-02   1.3081592e-01   2.3883762e-01   3.2714164e-01   2.4764904e-01
   5.8208105e-02   1.3097202e-01   2.3891345e-01   3.2669257e-01   2.4774281e-01
   5.8286627e-02   1.3112788e-01   2.3898930e-01   3.2624411e-01   2.4783662e-01
   5.8364682e-02   1.3128353e-01   2.3906518e-01   3.2579628e-01   2.4793045e-01
   5.8442272e-02   1.3143897e-01   2.3914108e-01   3.2534905e-01   2.4802433e-01
   5.8519397e-02   1.3159419e-01   2.3921700e-01   3.2490244e-01   2.4811823e-01
   5.8596061e-02   1.3174921e-01   2.3929295e-01   3.2445645e-01   2.4821217e-01
   5.8672263e-02   1.3190403e-01   2.3936893e-01   3.2401107e-01   2.4830614e-01
   5.8748006e-02   1.3205864e-01   2.3944492e-01   3.2356630e-01   2.4840014e-01
   5.8823291e-02   1.3221307e-01   2.3952094e-01   3.2312214e-01   2.4849418e-01
   5.8898120e-02   1.3236730e-01   2.3959699e-01   3.2267859e-01   2.4858825e-01
   5.8972493e-02   1.3252135e-01   2.3967306e-01   3.2223566e-01   2.4868235e-01
   5.9046413e-02   1.3267522e-01   2.3974915e-01   3.2179333e-01   2.4877649e-01
   5.9119881e-02   1.3282891e-01   2.3982527e-01   3.2135161e-01   2.4887066e-01
   5.9192898e-02   1.3298242e-01   2.3990141e-01   3.2091049e-01   2.4896486e-01
   5.9265467e-02   1.3313577e-01   2.3997758e-01   3.2046998e-01   2.4905910e-01
   5.9337587e-02   1.3328894e-01   2.4005377e-01   3.2003008e-01   2.4915337e-01
   5.9409261e-02   1.3344196e-01   2.4012998e-01   3.1959078e-01   2.4924768e-01
   5.9480491e-02   1.3359482e-01   2.4020622e-01   3.1915208e-01   2.4934202e-01
   5.9551277e-02   1.3374752e-01   2.4028248e-01   3.1871399e-01   2.4943640e-01
   5.9621621e-02   1.3390007e-01   2.4035877e-01   3.1827650e-01   2.4953080e-01
   5.9691524e-02   1.3405247e-01   2.4043508e-01   3.1783961e-01   2.4962525e-01
   5.9760989e-02   1.3420473e-01   2.4051142e-01   3.1740332e-01   2.4971973e-01
   5.9830015e-02   1.3435685e-01   2.4058778e-01   3.1696763e-01   2.4981424e-01
   5.9898606e-02   1.3450883e-01   2.4066416e-01   3.1653254e-01   2.4990878e-01
   5.9966762e-02   1.3466068e-01   2.4074057e-01   3.1609804e-01   2.5000337e-01
   6.0034484e-02   1.3481239e-01   2.4081700e-01   3.1566414e-01   2.5009798e-01
   6.0101774e-02   1.3496398e-01   2.4089346e-01   3.1523084e-01   2.5019263e-01
   6.0168634e-02   1.3511545e-01   2.4096994e-01   3.1479813e-01   2.5028732e-01
   6.0235065e-02   1.3526679e-01   2.4104644e-01   3.1436602e-01   2.5038204e-01
   6.0301067e-02   1.3541801e-01   2.4112297e-01   3.1393450e-01   2.5047679e-01
   6.0366644e-02   1.3556913e-01   2.4119953e-01   3.1350357e-01   2.5057158e-01
   6.0431795e-02   1.3572013e-01   2.4127611e-01   3.1307324e-01   2.5066641e-01
   6.0496522e-02   1.3587102e-01   2.4135271e-01   3.1264349e-01   2.5076127e-01
   6.0560828e-02   1.3602180e-01   2.4142933e-01   3.1221434e-01   2.5085616e-01
   6.0624712e-02   1.3617249e-01   2.4150599e-01   3.1178578e-01   2.5095109e-01
   6.0688177e-02   1.3632307e-01   2.4158266e-01   3.1135780e-01   2.5104606e-01
   6.0751224e-02   1.3647356e-01   2.4165936e-01   3.1093041e-01   2.5114106e-01
   6.0813854e-02   1.3662396e-01   2.4173608e-01   3.1050361e-01   2.5123609e-01
   6.0876069e-02   1.3677426e-01   2.4181283e-01   3.1007739e-01   2.5133116e-01
   6.0937869e-02   1.3692448e-01   2.4188961e-01   3.0965176e-01   2.5142627e-01
   6.0999257e-02   1.3707461e-01   2.4196640e-01   3.0922672e-01   2.5152141e-01
   6.1060234e-02   1.3722466e-01   2.4204322e-01   3.0880225e-01   2.5161659e-01
   6.1120800e-02   1.3737464e-01   2.4212007e-01   3.0837837e-01   2.5171180e-01
   6.1180958e-02   1.3752453e-01   2.4219694e-01   3.0795508e-01   2.5180705e-01
   6.1240708e-02   1.3767435e-01   2.4227384e-01   3.0753236e-01   2.5190233e-01
   6.1300053e-02   1.3782410e-01   2.4235076e-01   3.0711022e-01   2.5199765e-01
   6.1358993e-02   1.3797378e-01   2.4242770e-01   3.0668867e-01   2.5209300e-01
   6.1417529e-02   1.3812340e-01   2.4250467e-01   3.0626769e-01   2.5218839e-01
   6.1475663e-02   1.3827295e-01   2.4258166e-01   3.0584729e-01   2.5228382e-01
   6.1533397e-02   1.3842244e-01   2.4265868e-01   3.0542746e-01   2.5237928e-01
   6.1590732e-02   1.3857188e-01   2.4273572e-01   3.0500822e-01   2.5247478e-01
   6.1647668e-02   1.3872125e-01   2.4281278e-01   3.0458955e-01   2.5257031e-01
   6.1704207e-02   1.3887058e-01   2.4288987e-01   3.0417145e-01   2.5266588e-01
   6.1760351e-02   1.3901985e-01   2.4296699e-01   3.0375393e-01   2.5276148e-01
   6.1816101e-02   1.3916907e-01   2.4304413e-01   3.0333698e-01   2.5285712e-01
   6.1871458e-02   1.3931825e-01   2.4312129e-01   3.0292060e-01   2.5295280e-01
   6.1926424e-02   1.3946738e-01   2.4319848e-01   3.0250480e-01   2.5304851e-01
   6.1980999e-02   1.3961647e-01   2.4327569e-01   3.0208957e-01   2.5314425e-01
   6.2035185e-02   1.3976553e-01   2.4335293e-01   3.0167490e-01   2.5324004e-01
   6.2088984e-02   1.3991454e-01   2.4343019e-01   3.0126081e-01   2.5333586e-01
   6.2142396e-02   1.4006352e-01   2.4350748e-01   3.0084728e-01   2.5343171e-01
   6.2195423e-02   1.4021247e-01   2.4358479e-01   3.0043432e-01   2.5352760e-01
   6.2248066e-02   1.4036138e-01   2.4366212e-01   3.0002193e-01   2.5362353e-01
   6.2300327e-02   1.4051027e-01   2.4373948e-01   2.9961010e-01   2.5371949e-01
   6.2352206e-02   1.4065913e-01   2.4381687e-01   2.9919884e-01   2.5381549e-01
   6.2403705e-02   1.4080797e-01   2.4389428e-01   2.9878815e-01   2.5391153e-01
   6.2454825e-02   1.4095678e-01   2.4397171e-01   2.9837802e-01   2.5400760e-01
   6.2505568e-02   1.4110558e-01   2.4404917e-01   2.9796845e-01   2.5410370e-01
   6.2555934e-02   1.4125435e-01   2.4412665e-01   2.9755944e-01   2.5419985e-01
   6.2605925e-02   1.4140311e-01   2.4420416e-01   2.9715100e-01   2.5429603e-01
   6.2655543e-02   1.4155186e-01   2.4428169e-01   2.9674311e-01   2.5439224e-01
   6.2704788e-02   1.4170059e-01   2.4435925e-01   2.9633579e-01   2.5448850e-01
   6.2753661e-02   1.4184932e-01   2.4443683e-01   2.9592902e-01   2.5458478e-01
   6.2802165e-02   1.4199803e-01   2.4451444e-01   2.9552282e-01   2.5468111e-01
   6.2850299e-02   1.4214674e-01   2.4459207e-01   2.9511717e-01   2.5477747e-01
   6.2898066e-02   1.4229544e-01   2.4466972e-01   2.9471207e-01   2.5487387e-01
   6.2945466e-02   1.4244414e-01   2.4474740e-01   2.9430754e-01   2.5497030e-01
   6.2992502e-02   1.4259284e-01   2.4482511e-01   2.9390356e-01   2.5506677e-01
   6.3039173e-02   1.4274154e-01   2.4490283e-01   2.9350013e-01   2.5516328e-01
   6.3085481e-02   1.4289025e-01   2.4498059e-01   2.9309726e-01   2.5525982e-01
   6.3131428e-02   1.4303895e-01   2.4505837e-01   2.9269494e-01   2.5535640e-01
   6.3177014e-02   1.4318767e-01   2.4513617e-01   2.9229317e-01   2.5545301e-01
   6.3222242e-02   1.4333639e-01   2.4521400e-01   2.9189195e-01   2.5554966e-01
   6.3267111e-02   1.4348512e-01   2.4529185e-01   2.9149129e-01   2.5564635e-01
   6.3311624e-02   1.4363386e-01   2.4536973e-01   2.9109117e-01   2.5574308e-01
   6.3355781e-02   1.4378261e-01   2.4544763e-01   2.9069161e-01   2.5583984e-01
   6.3399583e-02   1.4393138e-01   2.4552556e-01   2.9029259e-01   2.5593663e-01
   6.3443033e-02   1.4408017e-01   2.4560351e-01   2.8989412e-01   2.5603347e-01
   6.3486130e-02   1.4422897e-01   2.4568149e-01   2.8949620e-01   2.5613034e-01
   6.3528876e-02   1.4437779e-01   2.4575949e-01   2.8909882e-01   2.5622725e-01
   6.3571273e-02   1.4452663e-01   2.4583751e-01   2.8870199e-01   2.5632419e-01
   6.3613322e-02   1.4467550e-01   2.4591556e-01   2.8830570e-01   2.5642117e-01
   6.3655023e-02   1.4482439e-01   2.4599364e-01   2.8790996e-01   2.5651819e-01
   6.3696377e-02   1.4497330e-01   2.4607174e-01   2.8751476e-01   2.5661524e-01
   6.3737387e-02   1.4512224e-01   2.4614986e-01   2.8712010e-01   2.5671233e-01
   6.3778053e-02   1.4527121e-01   2.4622801e-01   2.8672599e-01   2.5680946e-01
   6.3818377e-02   1.4542021e-01   2.4630619e-01   2.8633242e-01   2.5690662e-01
   6.3858358e-02   1.4556924e-01   2.4638439e-01   2.8593938e-01   2.5700382e-01
   6.3898000e-02   1.4571830e-01   2.4646261e-01   2.8554689e-01   2.5710106e-01
   6.3937302e-02   1.4586740e-01   2.4654086e-01   2.8515493e-01   2.5719833e-01
   6.3976266e-02   1.4601653e-01   2.4661913e-01   2.8476352e-01   2.5729564e-01
   6.4014893e-02   1.4616570e-01   2.4669743e-01   2.8437263e-01   2.5739299e-01
   6.4053184e-02   1.4631491e-01   2.4677576e-01   2.8398229e-01   2.5749037e-01
   6.4091141e-02   1.4646416e-01   2.4685411e-01   2.8359248e-01   2.5758779e-01
   6.4128764e-02   1.4661345e-01   2.4693248e-01   2.8320321e-01   2.5768525e-01
   6.4166055e-02   1.4676278e-01   2.4701088e-01   2.8281447e-01   2.5778275e-01
   6.4203014e-02   1.4691215e-01   2.4708930e-01   2.8242627e-01   2.5788028e-01
   6.4239643e-02   1.4706157e-01   2.4716775e-01   2.8203860e-01   2.5797785e-01
   6.4275943e-02   1.4721103e-01   2.4724622e-01   2.8165146e-01   2.5807545e-01
   6.4311915e-02   1.4736055e-01   2.4732472e-01   2.8126485e-01   2.5817309e-01
   6.4347560e-02   1.4751011e-01   2.4740324e-01   2.8087877e-01   2.5827077e-01
   6.4382880e-02   1.4765972e-01   2.4748179e-01   2.8049322e-01   2.5836849e-01
   6.4417875e-02   1.4780938e-01   2.4756036e-01   2.8010820e-01   2.5846624e-01
   6.4452546e-02   1.4795909e-01   2.4763896e-01   2.7972371e-01   2.5856403e-01
   6.4486895e-02   1.4810886e-01   2.4771758e-01   2.7933975e-01   2.5866185e-01
   6.4520923e-02   1.4825868e-01   2.4779623e-01   2.7895632e-01   2.5875972e-01
   6.4554630e-02   1.4840856e-01   2.4787490e-01   2.7857341e-01   2.5885762e-01
   6.4588018e-02   1.4855850e-01   2.4795360e-01   2.7819103e-01   2.5895556e-01
   6.4621088e-02   1.4870849e-01   2.4803232e-01   2.7780917e-01   2.5905353e-01
   6.4653841e-02   1.4885854e-01   2.4811107e-01   2.7742783e-01   2.5915154e-01
   6.4686278e-02   1.4900866e-01   2.4818984e-01   2.7704702e-01   2.5924959e-01
   6.4718401e-02   1.4915883e-01   2.4826864e-01   2.7666673e-01   2.5934768e-01
   6.4750210e-02   1.4930907e-01   2.4834746e-01   2.7628697e-01   2.5944580e-01
   6.4781705e-02   1.4945937e-01   2.4842631e-01   2.7590772e-01   2.5954396e-01
   6.4812890e-02   1.4960974e-01   2.4850518e-01   2.7552900e-01   2.5964215e-01
   6.4843764e-02   1.4976017e-01   2.4858408e-01   2.7515080e-01   2.5974039e-01
   6.4874328e-02   1.4991067e-01   2.4866300e-01   2.7477311e-01   2.5983866e-01
   6.4904584e-02   1.5006123e-01   2.4874195e-01   2.7439594e-01   2.5993697e-01
   6.4934532e-02   1.5021187e-01   2.4882092e-01   2.7401929e-01   2.6003531e-01
   6.4964174e-02   1.5036257e-01   2.4889992e-01   2.7364316e-01   2.6013370e-01
   6.4993511e-02   1.5051335e-01   2.4897894e-01   2.7326755e-01   2.6023212e-01
   6.5022544e-02   1.5066420e-01   2.4905799e-01   2.7289245e-01   2.6033057e-01
   6.5051273e-02   1.5081512e-01   2.4913706e-01   2.7251786e-01   2.6042907e-01
   6.5079701e-02   1.5096611e-01   2.4921616e-01   2.7214379e-01   2.6052760e-01
   6.5107827e-02   1.5111718e-01   2.4929529e-01   2.7177023e-01   2.6062617e-01
   6.5135653e-02   1.5126833e-01   2.4937443e-01   2.7139719e-01   2.6072477e-01
   6.5163180e-02   1.5141955e-01   2.4945361e-01   2.7102466e-01   2.6082342e-01
   6.5190409e-02   1.5157085e-01   2.4953281e-01   2.7065264e-01   2.6092210e-01
   6.5217341e-02   1.5172223e-01   2.4961203e-01   2.7028112e-01   2.6102082e-01
   6.5243977e-02   1.5187369e-01   2.4969128e-01   2.6991012e-01   2.6111957e-01
   6.5270319e-02   1.5202523e-01   2.4977055e-01   2.6953963e-01   2.6121836e-01
   6.5296366e-02   1.5217685e-01   2.4984985e-01   2.6916965e-01   2.6131719e-01
   6.5322120e-02   1.5232855e-01   2.4992918e-01   2.6880017e-01   2.6141606e-01
   6.5347583e-02   1.5248033e-01   2.5000853e-01   2.6843121e-01   2.6151497e-01
   6.5372754e-02   1.5263220e-01   2.5008790e-01   2.6806274e-01   2.6161391e-01
   6.5397636e-02   1.5278416e-01   2.5016730e-01   2.6769479e-01   2.6171289e-01
   6.5422229e-02   1.5293620e-01   2.5024673e-01   2.6732734e-01   2.6181190e-01
   6.5446534e-02   1.5308832e-01   2.5032618e-01   2.6696039e-01   2.6191096e-01
   6.5470552e-02   1.5324054e-01   2.5040565e-01   2.6659395e-01   2.6201005e-01
   6.5494284e-02   1.5339284e-01   2.5048515e-01   2.6622801e-01   2.6210918e-01
   6.5517731e-02   1.5354523e-01   2.5056468e-01   2.6586257e-01   2.6220835e-01
   6.5540894e-02   1.5369771e-01   2.5064423e-01   2.6549764e-01   2.6230755e-01
   6.5563775e-02   1.5385028e-01   2.5072381e-01   2.6513320e-01   2.6240679e-01
   6.5586373e-02   1.5400294e-01   2.5080341e-01   2.6476927e-01   2.6250607e-01
   6.5608690e-02   1.5415570e-01   2.5088304e-01   2.6440583e-01   2.6260539e-01
   6.5630728e-02   1.5430855e-01   2.5096269e-01   2.6404290e-01   2.6270475e-01
   6.5652486e-02   1.5446149e-01   2.5104237e-01   2.6368046e-01   2.6280414e-01
   6.5673967e-02   1.5461452e-01   2.5112207e-01   2.6331852e-01   2.6290357e-01
   6.5695170e-02   1.5476765e-01   2.5120180e-01   2.6295708e-01   2.6300303e-01
   6.5716097e-02   1.5492088e-01   2.5128155e-01   2.6259613e-01   2.6310254e-01
   6.5736750e-02   1.5507420e-01   2.5136133e-01   2.6223568e-01   2.6320208e-01
   6.5757127e-02   1.5522762e-01   2.5144114e-01   2.6187572e-01   2.6330166e-01
   6.5777232e-02   1.5538114e-01   2.5152097e-01   2.6151626e-01   2.6340128e-01
   6.5797065e-02   1.5553476e-01   2.5160082e-01   2.6115729e-01   2.6350094e-01
   6.5816626e-02   1.5568848e-01   2.5168070e-01   2.6079881e-01   2.6360063e-01
   6.5835916e-02   1.5584230e-01   2.5176061e-01   2.6044083e-01   2.6370036e-01
   6.5854938e-02   1.5599621e-01   2.5184054e-01   2.6008333e-01   2.6380013e-01
   6.5873691e-02   1.5615023e-01   2.5192049e-01   2.5972633e-01   2.6389994e-01
   6.5892176e-02   1.5630436e-01   2.5200048e-01   2.5936982e-01   2.6399978e-01
   6.5910395e-02   1.5645858e-01   2.5208048e-01   2.5901379e-01   2.6409966e-01
   6.5928348e-02   1.5661291e-01   2.5216052e-01   2.5865826e-01   2.6419958e-01
   6.5946036e-02   1.5676734e-01   2.5224057e-01   2.5830321e-01   2.6429954e-01
   6.5963461e-02   1.5692188e-01   2.5232066e-01   2.5794865e-01   2.6439954e-01
   6.5980622e-02   1.5707652e-01   2.5240077e-01   2.5759458e-01   2.6449957e-01
   6.5997522e-02   1.5723127e-01   2.5248090e-01   2.5724099e-01   2.6459964e-01
   6.6014161e-02   1.5738613e-01   2.5256106e-01   2.5688789e-01   2.6469975e-01
   6.6030539e-02   1.5754110e-01   2.5264125e-01   2.5653528e-01   2.6479990e-01
   6.6046659e-02   1.5769617e-01   2.5272146e-01   2.5618314e-01   2.6490008e-01
   6.6062520e-02   1.5785135e-01   2.5280169e-01   2.5583149e-01   2.6500030e-01
   6.6078124e-02   1.5800664e-01   2.5288195e-01   2.5548033e-01   2.6510057e-01
   6.6093471e-02   1.5816204e-01   2.5296224e-01   2.5512964e-01   2.6520086e-01
   6.6108563e-02   1.5831755e-01   2.5304255e-01   2.5477944e-01   2.6530120e-01
   6.6123400e-02   1.5847317e-01   2.5312289e-01   2.5442972e-01   2.6540157e-01
   6.6137984e-02   1.5862891e-01   2.5320326e-01   2.5408048e-01   2.6550199e-01
   6.6152314e-02   1.5878475e-01   2.5328365e-01   2.5373171e-01   2.6560244e-01
   6.6166393e-02   1.5894071e-01   2.5336406e-01   2.5338343e-01   2.6570293e-01
   6.6180221e-02   1.5909679e-01   2.5344450e-01   2.5303562e-01   2.6580345e-01
   6.6193798e-02   1.5925297e-01   2.5352497e-01   2.5268829e-01   2.6590402e-01
   6.6207126e-02   1.5940927e-01   2.5360546e-01   2.5234144e-01   2.6600462e-01
   6.6220206e-02   1.5956569e-01   2.5368597e-01   2.5199507e-01   2.6610526e-01
   6.6233039e-02   1.5972222e-01   2.5376652e-01   2.5164917e-01   2.6620594e-01
   6.6245625e-02   1.5987887e-01   2.5384708e-01   2.5130374e-01   2.6630666e-01
   6.6257965e-02   1.6003564e-01   2.5392768e-01   2.5095879e-01   2.6640741e-01
   6.6270060e-02   1.6019252e-01   2.5400830e-01   2.5061431e-01   2.6650820e-01
   6.6281911e-02   1.6034952e-01   2.5408894e-01   2.5027031e-01   2.6660903e-01
   6.6293519e-02   1.6050664e-01   2.5416961e-01   2.4992677e-01   2.6670990e-01
   6.6304885e-02   1.6066388e-01   2.5425031e-01   2.4958371e-01   2.6681081e-01
   6.6316009e-02   1.6082123e-01   2.5433103e-01   2.4924112e-01   2.6691176e-01
   6.6326893e-02   1.6097871e-01   2.5441178e-01   2.4889900e-01   2.6701274e-01
   6.6337538e-02   1.6113631e-01   2.5449255e-01   2.4855735e-01   2.6711376e-01
   6.6347943e-02   1.6129403e-01   2.5457335e-01   2.4821617e-01   2.6721482e-01
   6.6358111e-02   1.6145187e-01   2.5465417e-01   2.4787546e-01   2.6731592e-01
   6.6368041e-02   1.6160983e-01   2.5473502e-01   2.4753521e-01   2.6741706e-01
   6.6377736e-02   1.6176791e-01   2.5481590e-01   2.4719543e-01   2.6751823e-01
   6.6387195e-02   1.6192612e-01   2.5489680e-01   2.4685612e-01   2.6761945e-01
   6.6396419e-02   1.6208445e-01   2.5497773e-01   2.4651727e-01   2.6772070e-01
   6.6405410e-02   1.6224291e-01   2.5505868e-01   2.4617889e-01   2.6782199e-01
   6.6414168e-02   1.6240149e-01   2.5513966e-01   2.4584098e-01   2.6792332e-01
   6.6422694e-02   1.6256019e-01   2.5522066e-01   2.4550352e-01   2.6802468e-01
   6.6430988e-02   1.6271902e-01   2.5530169e-01   2.4516653e-01   2.6812609e-01
   6.6439053e-02   1.6287798e-01   2.5538275e-01   2.4483001e-01   2.6822753e-01
   6.6446887e-02   1.6303706e-01   2.5546383e-01   2.4449394e-01   2.6832901e-01
   6.6454494e-02   1.6319627e-01   2.5554493e-01   2.4415834e-01   2.6843053e-01
   6.6461872e-02   1.6335560e-01   2.5562607e-01   2.4382319e-01   2.6853209e-01
   6.6469023e-02   1.6351507e-01   2.5570722e-01   2.4348851e-01   2.6863369e-01
   6.6475948e-02   1.6367466e-01   2.5578841e-01   2.4315429e-01   2.6873532e-01
   6.6482648e-02   1.6383438e-01   2.5586962e-01   2.4282052e-01   2.6883700e-01
   6.6489123e-02   1.6399423e-01   2.5595085e-01   2.4248721e-01   2.6893871e-01
   6.6495374e-02   1.6415420e-01   2.5603212e-01   2.4215436e-01   2.6904046e-01
   6.6501403e-02   1.6431431e-01   2.5611340e-01   2.4182197e-01   2.6914225e-01
   6.6507209e-02   1.6447455e-01   2.5619472e-01   2.4149004e-01   2.6924408e-01
   6.6512794e-02   1.6463492e-01   2.5627605e-01   2.4115855e-01   2.6934594e-01
   6.6518159e-02   1.6479542e-01   2.5635742e-01   2.4082753e-01   2.6944785e-01
   6.6523303e-02   1.6495605e-01   2.5643881e-01   2.4049696e-01   2.6954979e-01
   6.6528229e-02   1.6511681e-01   2.5652023e-01   2.4016684e-01   2.6965177e-01
   6.6532937e-02   1.6527771e-01   2.5660167e-01   2.3983718e-01   2.6975379e-01
   6.6537428e-02   1.6543874e-01   2.5668314e-01   2.3950796e-01   2.6985585e-01
   6.6541702e-02   1.6559990e-01   2.5676463e-01   2.3917920e-01   2.6995795e-01
   6.6545760e-02   1.6576120e-01   2.5684615e-01   2.3885090e-01   2.7006008e-01
   6.6549603e-02   1.6592263e-01   2.5692770e-01   2.3852304e-01   2.7016226e-01
   6.6553232e-02   1.6608419e-01   2.5700927e-01   2.3819563e-01   2.7026447e-01
   6.6556648e-02   1.6624589e-01   2.5709087e-01   2.3786867e-01   2.7036673e-01
   6.6559851e-02   1.6640772e-01   2.5717249e-01   2.3754216e-01   2.7046902e-01
   6.6562842e-02   1.6656969e-01   2.5725414e-01   2.3721610e-01   2.7057135e-01
   6.6565623e-02   1.6673179e-01   2.5733581e-01   2.3689049e-01   2.7067371e-01
   6.6568193e-02   1.6689404e-01   2.5741751e-01   2.3656532e-01   2.7077612e-01
   6.6570554e-02   1.6705641e-01   2.5749924e-01   2.3624060e-01   2.7087857e-01
   6.6572706e-02   1.6721893e-01   2.5758099e-01   2.3591632e-01   2.7098105e-01
   6.6574650e-02   1.6738158e-01   2.5766277e-01   2.3559249e-01   2.7108357e-01
   6.6576386e-02   1.6754437e-01   2.5774458e-01   2.3526911e-01   2.7118614e-01
   6.6577917e-02   1.6770730e-01   2.5782641e-01   2.3494617e-01   2.7128874e-01
   6.6579242e-02   1.6787037e-01   2.5790827e-01   2.3462367e-01   2.7139138e-01
   6.6580362e-02   1.6803357e-01   2.5799015e-01   2.3430161e-01   2.7149406e-01
   6.6581277e-02   1.6819692e-01   2.5807206e-01   2.3398000e-01   2.7159677e-01
   6.6581990e-02   1.6836040e-01   2.5815399e-01   2.3365883e-01   2.7169953e-01
   6.6582500e-02   1.6852403e-01   2.5823595e-01   2.3333810e-01   2.7180233e-01
   6.6582808e-02   1.6868779e-01   2.5831794e-01   2.3301780e-01   2.7190516e-01
   6.6582915e-02   1.6885170e-01   2.5839995e-01   2.3269795e-01   2.7200803e-01
   6.6582821e-02   1.6901574e-01   2.5848199e-01   2.3237854e-01   2.7211094e-01
   6.6582528e-02   1.6917993e-01   2.5856406e-01   2.3205957e-01   2.7221389e-01
   6.6582036e-02   1.6934426e-01   2.5864615e-01   2.3174103e-01   2.7231688e-01
   6.6581346e-02   1.6950873e-01   2.5872827e-01   2.3142293e-01   2.7241991e-01
   6.6580458e-02   1.6967335e-01   2.5881041e-01   2.3110527e-01   2.7252298e-01
   6.6579374e-02   1.6983810e-01   2.5889258e-01   2.3078804e-01   2.7262609e-01
   6.6578094e-02   1.7000300e-01   2.5897477e-01   2.3047125e-01   2.7272923e-01
   6.6576619e-02   1.7016805e-01   2.5905700e-01   2.3015490e-01   2.7283242e-01
   6.6574949e-02   1.7033323e-01   2.5913924e-01   2.2983898e-01   2.7293564e-01
   6.6573086e-02   1.7049857e-01   2.5922152e-01   2.2952349e-01   2.7303890e-01
   6.6571029e-02   1.7066404e-01   2.5930382e-01   2.2920843e-01   2.7314221e-01
   6.6568780e-02   1.7082966e-01   2.5938614e-01   2.2889381e-01   2.7324555e-01
   6.6566340e-02   1.7099543e-01   2.5946850e-01   2.2857962e-01   2.7334893e-01
   6.6563709e-02   1.7116134e-01   2.5955087e-01   2.2826586e-01   2.7345235e-01
   6.6560887e-02   1.7132739e-01   2.5963328e-01   2.2795253e-01   2.7355581e-01
   6.6557877e-02   1.7149360e-01   2.5971571e-01   2.2763963e-01   2.7365930e-01
   6.6554677e-02   1.7165995e-01   2.5979817e-01   2.2732717e-01   2.7376284e-01
   6.6551290e-02   1.7182644e-01   2.5988065e-01   2.2701513e-01   2.7386642e-01
   6.6547715e-02   1.7199308e-01   2.5996316e-01   2.2670351e-01   2.7397003e-01
   6.6543954e-02   1.7215987e-01   2.6004569e-01   2.2639233e-01   2.7407368e-01
   6.6540007e-02   1.7232681e-01   2.6012825e-01   2.2608157e-01   2.7417738e-01
   6.6535874e-02   1.7249389e-01   2.6021084e-01   2.2577124e-01   2.7428111e-01
   6.6531558e-02   1.7266113e-01   2.6029346e-01   2.2546134e-01   2.7438488e-01
   6.6527057e-02   1.7282851e-01   2.6037610e-01   2.2515186e-01   2.7448869e-01
   6.6522374e-02   1.7299604e-01   2.6045876e-01   2.2484281e-01   2.7459254e-01
   6.6517508e-02   1.7316372e-01   2.6054146e-01   2.2453418e-01   2.7469643e-01
   6.6512460e-02   1.7333155e-01   2.6062417e-01   2.2422597e-01   2.7480036e-01
   6.6507231e-02   1.7349953e-01   2.6070692e-01   2.2391819e-01   2.7490433e-01
   6.6501822e-02   1.7366765e-01   2.6078969e-01   2.2361083e-01   2.7500834e-01
   6.6496234e-02   1.7383593e-01   2.6087249e-01   2.2330389e-01   2.7511239e-01
   6.6490466e-02   1.7400436e-01   2.6095531e-01   2.2299737e-01   2.7521647e-01
   6.6484521e-02   1.7417294e-01   2.6103816e-01   2.2269127e-01   2.7532060e-01
   6.6478397e-02   1.7434167e-01   2.6112104e-01   2.2238560e-01   2.7542476e-01
   6.6472097e-02   1.7451055e-01   2.6120394e-01   2.2208034e-01   2.7552897e-01
   6.6465621e-02   1.7467959e-01   2.6128687e-01   2.2177550e-01   2.7563321e-01
   6.6458969e-02   1.7484877e-01   2.6136983e-01   2.2147108e-01   2.7573749e-01
   6.6452142e-02   1.7501811e-01   2.6145281e-01   2.2116708e-01   2.7584182e-01
   6.6445141e-02   1.7518760e-01   2.6153582e-01   2.2086350e-01   2.7594618e-01
   6.6437966e-02   1.7535725e-01   2.6161885e-01   2.2056033e-01   2.7605058e-01
   6.6430619e-02   1.7552704e-01   2.6170191e-01   2.2025758e-01   2.7615502e-01
   6.6423099e-02   1.7569699e-01   2.6178500e-01   2.1995524e-01   2.7625950e-01
   6.6415408e-02   1.7586710e-01   2.6186812e-01   2.1965332e-01   2.7636402e-01
   6.6407546e-02   1.7603736e-01   2.6195126e-01   2.1935181e-01   2.7646858e-01
   6.6399514e-02   1.7620777e-01   2.6203442e-01   2.1905072e-01   2.7657318e-01
   6.6391312e-02   1.7637833e-01   2.6211761e-01   2.1875004e-01   2.7667782e-01
   6.6382941e-02   1.7654906e-01   2.6220083e-01   2.1844977e-01   2.7678250e-01
   6.6374402e-02   1.7671993e-01   2.6228408e-01   2.1814992e-01   2.7688722e-01
   6.6365696e-02   1.7689096e-01   2.6236735e-01   2.1785048e-01   2.7699198e-01
   6.6356822e-02   1.7706215e-01   2.6245065e-01   2.1755144e-01   2.7709678e-01
   6.6347782e-02   1.7723349e-01   2.6253398e-01   2.1725282e-01   2.7720161e-01
   6.6338577e-02   1.7740499e-01   2.6261733e-01   2.1695461e-01   2.7730649e-01
   6.6329206e-02   1.7757665e-01   2.6270071e-01   2.1665681e-01   2.7741141e-01
   6.6319671e-02   1.7774846e-01   2.6278411e-01   2.1635942e-01   2.7751636e-01
   6.6309973e-02   1.7792043e-01   2.6286754e-01   2.1606243e-01   2.7762136e-01
   6.6300111e-02   1.7809255e-01   2.6295100e-01   2.1576585e-01   2.7772639e-01
   6.6290087e-02   1.7826484e-01   2.6303448e-01   2.1546968e-01   2.7783147e-01
   6.6279901e-02   1.7843728e-01   2.6311799e-01   2.1517392e-01   2.7793658e-01
   6.6269554e-02   1.7860988e-01   2.6320153e-01   2.1487856e-01   2.7804174e-01
   6.6259046e-02   1.7878263e-01   2.6328509e-01   2.1458361e-01   2.7814693e-01
   6.6248378e-02   1.7895555e-01   2.6336868e-01   2.1428906e-01   2.7825217e-01
   6.6237551e-02   1.7912862e-01   2.6345230e-01   2.1399492e-01   2.7835744e-01
   6.6226565e-02   1.7930185e-01   2.6353594e-01   2.1370118e-01   2.7846276e-01
   6.6215422e-02   1.7947525e-01   2.6361961e-01   2.1340784e-01   2.7856811e-01
   6.6204121e-02   1.7964880e-01   2.6370331e-01   2.1311491e-01   2.7867350e-01
   6.6192663e-02   1.7982251e-01   2.6378703e-01   2.1282238e-01   2.7877894e-01
   6.6181048e-02   1.7999638e-01   2.6387078e-01   2.1253025e-01   2.7888441e-01
   6.6169278e-02   1.8017041e-01   2.6395456e-01   2.1223852e-01   2.7898992e-01
   6.6157354e-02   1.8034460e-01   2.6403836e-01   2.1194719e-01   2.7909548e-01
   6.6145275e-02   1.8051895e-01   2.6412219e-01   2.1165626e-01   2.7920107e-01
   6.6133042e-02   1.8069347e-01   2.6420604e-01   2.1136573e-01   2.7930670e-01
   6.6120656e-02   1.8086814e-01   2.6428993e-01   2.1107560e-01   2.7941238e-01
   6.6108117e-02   1.8104298e-01   2.6437384e-01   2.1078587e-01   2.7951809e-01
   6.6095426e-02   1.8121797e-01   2.6445777e-01   2.1049653e-01   2.7962384e-01
   6.6082585e-02   1.8139313e-01   2.6454173e-01   2.1020760e-01   2.7972964e-01
   6.6069592e-02   1.8156845e-01   2.6462572e-01   2.0991905e-01   2.7983547e-01
   6.6056449e-02   1.8174394e-01   2.6470974e-01   2.0963091e-01   2.7994134e-01
   6.6043157e-02   1.8191958e-01   2.6479378e-01   2.0934316e-01   2.8004726e-01
   6.6029716e-02   1.8209539e-01   2.6487785e-01   2.0905581e-01   2.8015321e-01
   6.6016126e-02   1.8227136e-01   2.6496195e-01   2.0876885e-01   2.8025920e-01
   6.6002389e-02   1.8244750e-01   2.6504607e-01   2.0848228e-01   2.8036524e-01
   6.5988504e-02   1.8262380e-01   2.6513022e-01   2.0819611e-01   2.8047131e-01
   6.5974473e-02   1.8280026e-01   2.6521439e-01   2.0791033e-01   2.8057743e-01
   6.5960296e-02   1.8297688e-01   2.6529860e-01   2.0762494e-01   2.8068358e-01
   6.5945974e-02   1.8315367e-01   2.6538282e-01   2.0733994e-01   2.8078977e-01
   6.5931507e-02   1.8333063e-01   2.6546708e-01   2.0705534e-01   2.8089601e-01
   6.5916895e-02   1.8350775e-01   2.6555136e-01   2.0677113e-01   2.8100228e-01
   6.5902140e-02   1.8368503e-01   2.6563567e-01   2.0648730e-01   2.8110860e-01
   6.5887242e-02   1.8386248e-01   2.6572001e-01   2.0620387e-01   2.8121495e-01
   6.5872201e-02   1.8404010e-01   2.6580437e-01   2.0592082e-01   2.8132135e-01
   6.5857018e-02   1.8421788e-01   2.6588876e-01   2.0563817e-01   2.8142778e-01
   6.5841694e-02   1.8439583e-01   2.6597318e-01   2.0535590e-01   2.8153426e-01
   6.5826230e-02   1.8457394e-01   2.6605762e-01   2.0507402e-01   2.8164078e-01
   6.5810625e-02   1.8475222e-01   2.6614209e-01   2.0479252e-01   2.8174733e-01
   6.5794880e-02   1.8493066e-01   2.6622659e-01   2.0451141e-01   2.8185393e-01
   6.5778996e-02   1.8510927e-01   2.6631111e-01   2.0423069e-01   2.8196057e-01
   6.5762974e-02   1.8528805e-01   2.6639566e-01   2.0395035e-01   2.8206724e-01
   6.5746814e-02   1.8546700e-01   2.6648024e-01   2.0367040e-01   2.8217396e-01
   6.5730516e-02   1.8564611e-01   2.6656485e-01   2.0339084e-01   2.8228072e-01
   6.5714082e-02   1.8582539e-01   2.6664948e-01   2.0311165e-01   2.8238752e-01
   6.5697511e-02   1.8600484e-01   2.6673414e-01   2.0283285e-01   2.8249436e-01
   6.5680805e-02   1.8618446e-01   2.6681882e-01   2.0255443e-01   2.8260124e-01
   6.5663963e-02   1.8636425e-01   2.6690353e-01   2.0227640e-01   2.8270815e-01
   6.5646987e-02   1.8654420e-01   2.6698827e-01   2.0199874e-01   2.8281512e-01
   6.5629877e-02   1.8672432e-01   2.6707304e-01   2.0172147e-01   2.8292212e-01
   6.5612633e-02   1.8690462e-01   2.6715783e-01   2.0144458e-01   2.8302916e-01
   6.5595256e-02   1.8708508e-01   2.6724265e-01   2.0116806e-01   2.8313624e-01
   6.5577747e-02   1.8726571e-01   2.6732750e-01   2.0089193e-01   2.8324336e-01
   6.5560106e-02   1.8744651e-01   2.6741237e-01   2.0061618e-01   2.8335052e-01
   6.5542334e-02   1.8762748e-01   2.6749727e-01   2.0034080e-01   2.8345773e-01
   6.5524431e-02   1.8780862e-01   2.6758220e-01   2.0006581e-01   2.8356497e-01
   6.5506397e-02   1.8798993e-01   2.6766715e-01   1.9979119e-01   2.8367225e-01
   6.5488234e-02   1.8817141e-01   2.6775213e-01   1.9951694e-01   2.8377958e-01
   6.5469942e-02   1.8835306e-01   2.6783714e-01   1.9924308e-01   2.8388695e-01
   6.5451521e-02   1.8853488e-01   2.6792218e-01   1.9896959e-01   2.8399435e-01
   6.5432972e-02   1.8871688e-01   2.6800724e-01   1.9869647e-01   2.8410180e-01
   6.5414296e-02   1.8889904e-01   2.6809233e-01   1.9842373e-01   2.8420929e-01
   6.5395492e-02   1.8908138e-01   2.6817744e-01   1.9815137e-01   2.8431681e-01
   6.5376562e-02   1.8926389e-01   2.6826259e-01   1.9787937e-01   2.8442438e-01
   6.5357506e-02   1.8944657e-01   2.6834776e-01   1.9760775e-01   2.8453199e-01
   6.5338325e-02   1.8962942e-01   2.6843295e-01   1.9733651e-01   2.8463964e-01
   6.5319018e-02   1.8981244e-01   2.6851818e-01   1.9706564e-01   2.8474733e-01
   6.5299587e-02   1.8999564e-01   2.6860343e-01   1.9679513e-01   2.8485506e-01
   6.5280033e-02   1.9017901e-01   2.6868871e-01   1.9652500e-01   2.8496284e-01
   6.5260355e-02   1.9036256e-01   2.6877401e-01   1.9625524e-01   2.8507065e-01
   6.5240554e-02   1.9054627e-01   2.6885935e-01   1.9598585e-01   2.8517850e-01
   6.5220630e-02   1.9073016e-01   2.6894471e-01   1.9571684e-01   2.8528640e-01
   6.5200585e-02   1.9091423e-01   2.6903009e-01   1.9544819e-01   2.8539433e-01
   6.5180419e-02   1.9109847e-01   2.6911551e-01   1.9517990e-01   2.8550231e-01
   6.5160132e-02   1.9128288e-01   2.6920095e-01   1.9491199e-01   2.8561033e-01
   6.5139724e-02   1.9146746e-01   2.6928642e-01   1.9464445e-01   2.8571839e-01
   6.5119197e-02   1.9165222e-01   2.6937191e-01   1.9437727e-01   2.8582649e-01
   6.5098550e-02   1.9183716e-01   2.6945743e-01   1.9411046e-01   2.8593463e-01
   6.5077785e-02   1.9202227e-01   2.6954298e-01   1.9384401e-01   2.8604281e-01
   6.5056901e-02   1.9220756e-01   2.6962856e-01   1.9357793e-01   2.8615103e-01
   6.5035900e-02   1.9239302e-01   2.6971417e-01   1.9331222e-01   2.8625929e-01
   6.5014781e-02   1.9257866e-01   2.6979980e-01   1.9304687e-01   2.8636759e-01
   6.4993546e-02   1.9276447e-01   2.6988545e-01   1.9278188e-01   2.8647594e-01
   6.4972194e-02   1.9295046e-01   2.6997114e-01   1.9251726e-01   2.8658433e-01
   6.4950727e-02   1.9313662e-01   2.7005685e-01   1.9225300e-01   2.8669275e-01
   6.4929144e-02   1.9332296e-01   2.7014259e-01   1.9198911e-01   2.8680122e-01
   6.4907447e-02   1.9350948e-01   2.7022836e-01   1.9172557e-01   2.8690973e-01
   6.4885635e-02   1.9369618e-01   2.7031415e-01   1.9146240e-01   2.8701828e-01
   6.4863709e-02   1.9388305e-01   2.7039998e-01   1.9119959e-01   2.8712687e-01
   6.4841670e-02   1.9407010e-01   2.7048583e-01   1.9093714e-01   2.8723550e-01
   6.4819519e-02   1.9425733e-01   2.7057170e-01   1.9067505e-01   2.8734417e-01
   6.4797255e-02   1.9444473e-01   2.7065761e-01   1.9041332e-01   2.8745289e-01
   6.4774879e-02   1.9463231e-01   2.7074354e-01   1.9015195e-01   2.8756164e-01
   6.4752392e-02   1.9482007e-01   2.7082949e-01   1.8989094e-01   2.8767044e-01
   6.4729793e-02   1.9500801e-01   2.7091548e-01   1.8963029e-01   2.8777928e-01
   6.4707085e-02   1.9519613e-01   2.7100149e-01   1.8936999e-01   2.8788816e-01
   6.4684266e-02   1.9538442e-01   2.7108753e-01   1.8911005e-01   2.8799708e-01
   6.4661338e-02   1.9557290e-01   2.7117360e-01   1.8885047e-01   2.8810604e-01
   6.4638302e-02   1.9576155e-01   2.7125969e-01   1.8859125e-01   2.8821504e-01
   6.4615156e-02   1.9595038e-01   2.7134582e-01   1.8833238e-01   2.8832408e-01
   6.4591903e-02   1.9613940e-01   2.7143196e-01   1.8807386e-01   2.8843317e-01
   6.4568542e-02   1.9632859e-01   2.7151814e-01   1.8781570e-01   2.8854229e-01
   6.4545074e-02   1.9651796e-01   2.7160434e-01   1.8755790e-01   2.8865146e-01
   6.4521499e-02   1.9670751e-01   2.7169058e-01   1.8730045e-01   2.8876067e-01
   6.4497818e-02   1.9689725e-01   2.7177683e-01   1.8704335e-01   2.8886992e-01
   6.4474032e-02   1.9708716e-01   2.7186312e-01   1.8678661e-01   2.8897921e-01
   6.4450140e-02   1.9727725e-01   2.7194943e-01   1.8653022e-01   2.8908855e-01
   6.4426143e-02   1.9746753e-01   2.7203577e-01   1.8627417e-01   2.8919792e-01
   6.4402042e-02   1.9765798e-01   2.7212214e-01   1.8601849e-01   2.8930733e-01
   6.4377838e-02   1.9784862e-01   2.7220854e-01   1.8576315e-01   2.8941679e-01
   6.4353530e-02   1.9803944e-01   2.7229496e-01   1.8550816e-01   2.8952629e-01
   6.4329119e-02   1.9823044e-01   2.7238141e-01   1.8525352e-01   2.8963583e-01
   6.4304605e-02   1.9842162e-01   2.7246789e-01   1.8499924e-01   2.8974541e-01
   6.4279990e-02   1.9861299e-01   2.7255440e-01   1.8474530e-01   2.8985503e-01
   6.4255273e-02   1.9880454e-01   2.7264093e-01   1.8449171e-01   2.8996470e-01
   6.4230455e-02   1.9899626e-01   2.7272749e-01   1.8423847e-01   2.9007440e-01
   6.4205536e-02   1.9918818e-01   2.7281408e-01   1.8398557e-01   2.9018415e-01
   6.4180517e-02   1.9938027e-01   2.7290069e-01   1.8373302e-01   2.9029394e-01
   6.4155398e-02   1.9957255e-01   2.7298734e-01   1.8348082e-01   2.9040377e-01
   6.4130180e-02   1.9976501e-01   2.7307401e-01   1.8322897e-01   2.9051364e-01
   6.4104863e-02   1.9995766e-01   2.7316070e-01   1.8297746e-01   2.9062355e-01
   6.4079448e-02   2.0015049e-01   2.7324743e-01   1.8272630e-01   2.9073351e-01
   6.4053935e-02   2.0034350e-01   2.7333418e-01   1.8247548e-01   2.9084351e-01
   6.4028324e-02   2.0053670e-01   2.7342096e-01   1.8222500e-01   2.9095354e-01
   6.4002616e-02   2.0073008e-01   2.7350777e-01   1.8197487e-01   2.9106362e-01
   6.3976811e-02   2.0092364e-01   2.7359461e-01   1.8172508e-01   2.9117375e-01
   6.3950911e-02   2.0111739e-01   2.7368147e-01   1.8147564e-01   2.9128391e-01
   6.3924914e-02   2.0131133e-01   2.7376836e-01   1.8122654e-01   2.9139411e-01
   6.3898822e-02   2.0150545e-01   2.7385528e-01   1.8097778e-01   2.9150436e-01
   6.3872635e-02   2.0169976e-01   2.7394222e-01   1.8072936e-01   2.9161465e-01
   6.3846354e-02   2.0189425e-01   2.7402920e-01   1.8048128e-01   2.9172498e-01
   6.3819978e-02   2.0208893e-01   2.7411620e-01   1.8023354e-01   2.9183535e-01
   6.3793509e-02   2.0228379e-01   2.7420323e-01   1.7998615e-01   2.9194576e-01
   6.3766947e-02   2.0247884e-01   2.7429028e-01   1.7973909e-01   2.9205622e-01
   6.3740291e-02   2.0267407e-01   2.7437737e-01   1.7949237e-01   2.9216671e-01
   6.3713544e-02   2.0286950e-01   2.7446448e-01   1.7924599e-01   2.9227725e-01
   6.3686705e-02   2.0306511e-01   2.7455162e-01   1.7899995e-01   2.9238783e-01
   6.3659774e-02   2.0326090e-01   2.7463879e-01   1.7875425e-01   2.9249846e-01
   6.3632752e-02   2.0345689e-01   2.7472598e-01   1.7850888e-01   2.9260912e-01
   6.3605639e-02   2.0365306e-01   2.7481320e-01   1.7826385e-01   2.9271983e-01
   6.3578436e-02   2.0384941e-01   2.7490045e-01   1.7801916e-01   2.9283057e-01
   6.3551143e-02   2.0404596e-01   2.7498773e-01   1.7777480e-01   2.9294136e-01
   6.3523761e-02   2.0424269e-01   2.7507504e-01   1.7753078e-01   2.9305220e-01
   6.3496290e-02   2.0443962e-01   2.7516237e-01   1.7728709e-01   2.9316307e-01
   6.3468730e-02   2.0463673e-01   2.7524973e-01   1.7704374e-01   2.9327399e-01
   6.3441082e-02   2.0483403e-01   2.7533712e-01   1.7680072e-01   2.9338494e-01
   6.3413346e-02   2.0503151e-01   2.7542454e-01   1.7655803e-01   2.9349594e-01
   6.3385523e-02   2.0522919e-01   2.7551198e-01   1.7631568e-01   2.9360698e-01
   6.3357613e-02   2.0542706e-01   2.7559945e-01   1.7607366e-01   2.9371807e-01
   6.3329617e-02   2.0562511e-01   2.7568695e-01   1.7583198e-01   2.9382919e-01
   6.3301534e-02   2.0582335e-01   2.7577448e-01   1.7559062e-01   2.9394036e-01
   6.3273366e-02   2.0602179e-01   2.7586203e-01   1.7534960e-01   2.9405157e-01
   6.3245112e-02   2.0622041e-01   2.7594962e-01   1.7510890e-01   2.9416282e-01
   6.3216773e-02   2.0641923e-01   2.7603723e-01   1.7486854e-01   2.9427412e-01
   6.3188350e-02   2.0661823e-01   2.7612487e-01   1.7462851e-01   2.9438545e-01
   6.3159843e-02   2.0681743e-01   2.7621253e-01   1.7438880e-01   2.9449683e-01
   6.3131251e-02   2.0701681e-01   2.7630023e-01   1.7414943e-01   2.9460825e-01
   6.3102577e-02   2.0721639e-01   2.7638795e-01   1.7391038e-01   2.9471971e-01
   6.3073820e-02   2.0741616e-01   2.7647570e-01   1.7367167e-01   2.9483122e-01
   6.3044980e-02   2.0761612e-01   2.7656348e-01   1.7343328e-01   2.9494277e-01
   6.3016058e-02   2.0781627e-01   2.7665128e-01   1.7319521e-01   2.9505435e-01
   6.2987054e-02   2.0801661e-01   2.7673912e-01   1.7295748e-01   2.9516599e-01
   6.2957969e-02   2.0821715e-01   2.7682698e-01   1.7272007e-01   2.9527766e-01
   6.2928803e-02   2.0841787e-01   2.7691487e-01   1.7248298e-01   2.9538938e-01
   6.2899556e-02   2.0861879e-01   2.7700279e-01   1.7224623e-01   2.9550113e-01
   6.2870229e-02   2.0881990e-01   2.7709073e-01   1.7200979e-01   2.9561293e-01
   6.2840822e-02   2.0902121e-01   2.7717870e-01   1.7177368e-01   2.9572478e-01
   6.2811336e-02   2.0922270e-01   2.7726670e-01   1.7153790e-01   2.9583666e-01
   6.2781771e-02   2.0942439e-01   2.7735473e-01   1.7130244e-01   2.9594859e-01
   6.2752127e-02   2.0962628e-01   2.7744279e-01   1.7106730e-01   2.9606056e-01
   6.2722405e-02   2.0982835e-01   2.7753088e-01   1.7083249e-01   2.9617257e-01
   6.2692605e-02   2.1003063e-01   2.7761899e-01   1.7059799e-01   2.9628462e-01
   6.2662727e-02   2.1023309e-01   2.7770713e-01   1.7036382e-01   2.9639672e-01
   6.2632772e-02   2.1043575e-01   2.7779530e-01   1.7012997e-01   2.9650886e-01
   6.2602741e-02   2.1063860e-01   2.7788349e-01   1.6989644e-01   2.9662104e-01
   6.2572633e-02   2.1084165e-01   2.7797172e-01   1.6966324e-01   2.9673327e-01
   6.2542449e-02   2.1104489e-01   2.7805997e-01   1.6943035e-01   2.9684553e-01
   6.2512190e-02   2.1124833e-01   2.7814825e-01   1.6919778e-01   2.9695784e-01
   6.2481855e-02   2.1145196e-01   2.7823656e-01   1.6896553e-01   2.9707019e-01
   6.2451445e-02   2.1165579e-01   2.7832490e-01   1.6873360e-01   2.9718259e-01
   6.2420961e-02   2.1185981e-01   2.7841326e-01   1.6850199e-01   2.9729502e-01
   6.2390402e-02   2.1206403e-01   2.7850166e-01   1.6827070e-01   2.9740750e-01
   6.2359770e-02   2.1226845e-01   2.7859008e-01   1.6803972e-01   2.9752002e-01
   6.2329065e-02   2.1247306e-01   2.7867853e-01   1.6780906e-01   2.9763259e-01
   6.2298286e-02   2.1267786e-01   2.7876700e-01   1.6757872e-01   2.9774519e-01
   6.2267435e-02   2.1288287e-01   2.7885551e-01   1.6734869e-01   2.9785784e-01
   6.2236511e-02   2.1308807e-01   2.7894404e-01   1.6711898e-01   2.9797054e-01
   6.2205515e-02   2.1329347e-01   2.7903261e-01   1.6688958e-01   2.9808327e-01
   6.2174448e-02   2.1349906e-01   2.7912119e-01   1.6666050e-01   2.9819605e-01
   6.2143309e-02   2.1370485e-01   2.7920981e-01   1.6643174e-01   2.9830887e-01
   6.2112100e-02   2.1391084e-01   2.7929846e-01   1.6620329e-01   2.9842173e-01
   6.2080820e-02   2.1411703e-01   2.7938713e-01   1.6597515e-01   2.9853463e-01
   6.2049470e-02   2.1432341e-01   2.7947583e-01   1.6574732e-01   2.9864758e-01
   6.2018050e-02   2.1453000e-01   2.7956457e-01   1.6551981e-01   2.9876057e-01
   6.1986560e-02   2.1473678e-01   2.7965332e-01   1.6529261e-01   2.9887361e-01
   6.1955001e-02   2.1494376e-01   2.7974211e-01   1.6506572e-01   2.9898668e-01
   6.1923374e-02   2.1515094e-01   2.7983093e-01   1.6483914e-01   2.9909980e-01
   6.1891678e-02   2.1535831e-01   2.7991977e-01   1.6461288e-01   2.9921296e-01
   6.1859914e-02   2.1556589e-01   2.8000864e-01   1.6438692e-01   2.9932617e-01
   6.1828083e-02   2.1577367e-01   2.8009754e-01   1.6416128e-01   2.9943942e-01
   6.1796184e-02   2.1598164e-01   2.8018647e-01   1.6393594e-01   2.9955271e-01
   6.1764218e-02   2.1618982e-01   2.8027542e-01   1.6371092e-01   2.9966604e-01
   6.1732185e-02   2.1639819e-01   2.8036441e-01   1.6348620e-01   2.9977942e-01
   6.1700086e-02   2.1660677e-01   2.8045342e-01   1.6326179e-01   2.9989283e-01
   6.1667921e-02   2.1681554e-01   2.8054246e-01   1.6303769e-01   3.0000630e-01
   6.1635690e-02   2.1702452e-01   2.8063153e-01   1.6281389e-01   3.0011980e-01
   6.1603394e-02   2.1723369e-01   2.8072063e-01   1.6259041e-01   3.0023335e-01
   6.1571033e-02   2.1744307e-01   2.8080975e-01   1.6236723e-01   3.0034694e-01
   6.1538608e-02   2.1765265e-01   2.8089891e-01   1.6214436e-01   3.0046057e-01
   6.1506118e-02   2.1786243e-01   2.8098809e-01   1.6192179e-01   3.0057425e-01
   6.1473564e-02   2.1807241e-01   2.8107730e-01   1.6169953e-01   3.0068797e-01
   6.1440947e-02   2.1828259e-01   2.8116654e-01   1.6147757e-01   3.0080173e-01
   6.1408266e-02   2.1849298e-01   2.8125581e-01   1.6125592e-01   3.0091554e-01
   6.1375522e-02   2.1870357e-01   2.8134510e-01   1.6103457e-01   3.0102939e-01
   6.1342716e-02   2.1891436e-01   2.8143442e-01   1.6081353e-01   3.0114328e-01
   6.1309847e-02   2.1912535e-01   2.8152378e-01   1.6059279e-01   3.0125721e-01
   6.1276916e-02   2.1933654e-01   2.8161316e-01   1.6037235e-01   3.0137119e-01
   6.1243924e-02   2.1954794e-01   2.8170257e-01   1.6015222e-01   3.0148521e-01
   6.1210871e-02   2.1975954e-01   2.8179200e-01   1.5993238e-01   3.0159928e-01
   6.1177756e-02   2.1997135e-01   2.8188147e-01   1.5971285e-01   3.0171338e-01
   6.1144581e-02   2.2018335e-01   2.8197096e-01   1.5949362e-01   3.0182754e-01
   6.1111345e-02   2.2039557e-01   2.8206049e-01   1.5927470e-01   3.0194173e-01
   6.1078050e-02   2.2060798e-01   2.8215004e-01   1.5905607e-01   3.0205597e-01
   6.1044695e-02   2.2082060e-01   2.8223962e-01   1.5883774e-01   3.0217025e-01
   6.1011280e-02   2.2103343e-01   2.8232922e-01   1.5861971e-01   3.0228457e-01
   6.0977807e-02   2.2124645e-01   2.8241886e-01   1.5840198e-01   3.0239894e-01
   6.0944274e-02   2.2145969e-01   2.8250853e-01   1.5818455e-01   3.0251335e-01
   6.0910684e-02   2.2167313e-01   2.8259822e-01   1.5796742e-01   3.0262780e-01
   6.0877035e-02   2.2188677e-01   2.8268794e-01   1.5775059e-01   3.0274230e-01
   6.0843328e-02   2.2210062e-01   2.8277769e-01   1.5753405e-01   3.0285684e-01
   6.0809564e-02   2.2231467e-01   2.8286747e-01   1.5731781e-01   3.0297142e-01
   6.0775743e-02   2.2252893e-01   2.8295728e-01   1.5710187e-01   3.0308605e-01
   6.0741865e-02   2.2274340e-01   2.8304711e-01   1.5688622e-01   3.0320072e-01
   6.0707931e-02   2.2295807e-01   2.8313698e-01   1.5667088e-01   3.0331543e-01
   6.0673940e-02   2.2317295e-01   2.8322687e-01   1.5645582e-01   3.0343019e-01
   6.0639894e-02   2.2338804e-01   2.8331679e-01   1.5624106e-01   3.0354499e-01
   6.0605791e-02   2.2360333e-01   2.8340674e-01   1.5602660e-01   3.0365983e-01
   6.0571634e-02   2.2381883e-01   2.8349672e-01   1.5581243e-01   3.0377472e-01
   6.0537422e-02   2.2403454e-01   2.8358673e-01   1.5559855e-01   3.0388965e-01
   6.0503155e-02   2.2425045e-01   2.8367676e-01   1.5538497e-01   3.0400462e-01
   6.0468833e-02   2.2446657e-01   2.8376683e-01   1.5517168e-01   3.0411964e-01
   6.0434458e-02   2.2468290e-01   2.8385692e-01   1.5495869e-01   3.0423470e-01
   6.0400029e-02   2.2489944e-01   2.8394704e-01   1.5474598e-01   3.0434980e-01
   6.0365546e-02   2.2511618e-01   2.8403719e-01   1.5453357e-01   3.0446495e-01
   6.0331011e-02   2.2533314e-01   2.8412737e-01   1.5432145e-01   3.0458014e-01
   6.0296422e-02   2.2555030e-01   2.8421758e-01   1.5410962e-01   3.0469538e-01
   6.0261781e-02   2.2576767e-01   2.8430781e-01   1.5389808e-01   3.0481066e-01
   6.0227088e-02   2.2598525e-01   2.8439808e-01   1.5368684e-01   3.0492598e-01
   6.0192343e-02   2.2620304e-01   2.8448837e-01   1.5347588e-01   3.0504135e-01
   6.0157546e-02   2.2642104e-01   2.8457869e-01   1.5326521e-01   3.0515676e-01
   6.0122698e-02   2.2663925e-01   2.8466904e-01   1.5305483e-01   3.0527221e-01
   6.0087799e-02   2.2685767e-01   2.8475942e-01   1.5284474e-01   3.0538771e-01
   6.0052849e-02   2.2707630e-01   2.8484983e-01   1.5263494e-01   3.0550325e-01
   6.0017848e-02   2.2729514e-01   2.8494026e-01   1.5242543e-01   3.0561883e-01
   5.9982798e-02   2.2751419e-01   2.8503073e-01   1.5221620e-01   3.0573446e-01
   5.9947698e-02   2.2773345e-01   2.8512122e-01   1.5200726e-01   3.0585013e-01
   5.9912548e-02   2.2795292e-01   2.8521175e-01   1.5179861e-01   3.0596585e-01
   5.9877348e-02   2.2817261e-01   2.8530230e-01   1.5159024e-01   3.0608161e-01
   5.9842100e-02   2.2839250e-01   2.8539288e-01   1.5138216e-01   3.0619741e-01
   5.9806803e-02   2.2861261e-01   2.8548349e-01   1.5117437e-01   3.0631326e-01
   5.9771458e-02   2.2883292e-01   2.8557412e-01   1.5096686e-01   3.0642915e-01
   5.9736064e-02   2.2905345e-01   2.8566479e-01   1.5075963e-01   3.0654508e-01
   5.9700623e-02   2.2927420e-01   2.8575549e-01   1.5055269e-01   3.0666106e-01
   5.9665134e-02   2.2949515e-01   2.8584621e-01   1.5034604e-01   3.0677709e-01
   5.9629597e-02   2.2971632e-01   2.8593696e-01   1.5013967e-01   3.0689315e-01
   5.9594014e-02   2.2993770e-01   2.8602775e-01   1.4993358e-01   3.0700926e-01
   5.9558384e-02   2.3015929e-01   2.8611856e-01   1.4972777e-01   3.0712542e-01
   5.9522708e-02   2.3038110e-01   2.8620940e-01   1.4952225e-01   3.0724161e-01
   5.9486985e-02   2.3060311e-01   2.8630026e-01   1.4931701e-01   3.0735786e-01
   5.9451217e-02   2.3082535e-01   2.8639116e-01   1.4911205e-01   3.0747414e-01
   5.9415403e-02   2.3104779e-01   2.8648209e-01   1.4890737e-01   3.0759047e-01
   5.9379543e-02   2.3127045e-01   2.8657304e-01   1.4870297e-01   3.0770685e-01
   5.9343639e-02   2.3149333e-01   2.8666403e-01   1.4849886e-01   3.0782327e-01
   5.9307690e-02   2.3171642e-01   2.8675504e-01   1.4829502e-01   3.0793973e-01
   5.9271696e-02   2.3193972e-01   2.8684608e-01   1.4809146e-01   3.0805623e-01
   5.9235658e-02   2.3216324e-01   2.8693715e-01   1.4788818e-01   3.0817278e-01
   5.9199576e-02   2.3238698e-01   2.8702825e-01   1.4768519e-01   3.0828938e-01
   5.9163451e-02   2.3261093e-01   2.8711938e-01   1.4748247e-01   3.0840602e-01
   5.9127282e-02   2.3283509e-01   2.8721053e-01   1.4728002e-01   3.0852270e-01
   5.9091070e-02   2.3305947e-01   2.8730172e-01   1.4707786e-01   3.0863943e-01
   5.9054815e-02   2.3328407e-01   2.8739294e-01   1.4687598e-01   3.0875620e-01
   5.9018517e-02   2.3350888e-01   2.8748418e-01   1.4667437e-01   3.0887301e-01
   5.8982177e-02   2.3373391e-01   2.8757545e-01   1.4647303e-01   3.0898987e-01
   5.8945795e-02   2.3395916e-01   2.8766675e-01   1.4627198e-01   3.0910678e-01
   5.8909371e-02   2.3418462e-01   2.8775808e-01   1.4607120e-01   3.0922372e-01
   5.8872906e-02   2.3441030e-01   2.8784944e-01   1.4587069e-01   3.0934072e-01
   5.8836399e-02   2.3463620e-01   2.8794083e-01   1.4567047e-01   3.0945775e-01
   5.8799851e-02   2.3486231e-01   2.8803225e-01   1.4547051e-01   3.0957483e-01
   5.8763263e-02   2.3508864e-01   2.8812370e-01   1.4527083e-01   3.0969196e-01
   5.8726634e-02   2.3531519e-01   2.8821517e-01   1.4507143e-01   3.0980913e-01
   5.8689965e-02   2.3554196e-01   2.8830668e-01   1.4487229e-01   3.0992634e-01
   5.8653256e-02   2.3576895e-01   2.8839821e-01   1.4467344e-01   3.1004360e-01
   5.8616507e-02   2.3599615e-01   2.8848978e-01   1.4447485e-01   3.1016090e-01
   5.8579719e-02   2.3622358e-01   2.8858137e-01   1.4427654e-01   3.1027825e-01
   5.8542891e-02   2.3645122e-01   2.8867299e-01   1.4407850e-01   3.1039564e-01
   5.8506025e-02   2.3667908e-01   2.8876464e-01   1.4388073e-01   3.1051307e-01
   5.8469120e-02   2.3690716e-01   2.8885632e-01   1.4368323e-01   3.1063055e-01
   5.8432177e-02   2.3713546e-01   2.8894803e-01   1.4348600e-01   3.1074808e-01
   5.8395195e-02   2.3736398e-01   2.8903977e-01   1.4328905e-01   3.1086565e-01
   5.8358175e-02   2.3759272e-01   2.8913153e-01   1.4309236e-01   3.1098326e-01
   5.8321118e-02   2.3782168e-01   2.8922333e-01   1.4289595e-01   3.1110092e-01
   5.8284023e-02   2.3805086e-01   2.8931515e-01   1.4269980e-01   3.1121862e-01
   5.8246891e-02   2.3828027e-01   2.8940701e-01   1.4250392e-01   3.1133637e-01
   5.8209723e-02   2.3850989e-01   2.8949889e-01   1.4230832e-01   3.1145416e-01
   5.8172517e-02   2.3873973e-01   2.8959080e-01   1.4211298e-01   3.1157200e-01
   5.8135275e-02   2.3896980e-01   2.8968275e-01   1.4191791e-01   3.1168988e-01
   5.8097997e-02   2.3920008e-01   2.8977472e-01   1.4172310e-01   3.1180780e-01
   5.8060683e-02   2.3943059e-01   2.8986672e-01   1.4152857e-01   3.1192577e-01
   5.8023334e-02   2.3966132e-01   2.8995875e-01   1.4133430e-01   3.1204379e-01
   5.7985949e-02   2.3989227e-01   2.9005081e-01   1.4114030e-01   3.1216184e-01
   5.7948528e-02   2.4012345e-01   2.9014289e-01   1.4094656e-01   3.1227995e-01
   5.7911073e-02   2.4035484e-01   2.9023501e-01   1.4075309e-01   3.1239810e-01
   5.7873583e-02   2.4058646e-01   2.9032716e-01   1.4055989e-01   3.1251629e-01
   5.7836059e-02   2.4081831e-01   2.9041933e-01   1.4036695e-01   3.1263453e-01
   5.7798500e-02   2.4105037e-01   2.9051154e-01   1.4017427e-01   3.1275281e-01
   5.7760907e-02   2.4128266e-01   2.9060377e-01   1.3998186e-01   3.1287114e-01
   5.7723281e-02   2.4151518e-01   2.9069603e-01   1.3978972e-01   3.1298951e-01
   5.7685621e-02   2.4174791e-01   2.9078833e-01   1.3959784e-01   3.1310793e-01
   5.7647928e-02   2.4198087e-01   2.9088065e-01   1.3940622e-01   3.1322639e-01
   5.7610202e-02   2.4221406e-01   2.9097300e-01   1.3921486e-01   3.1334489e-01
   5.7572443e-02   2.4244747e-01   2.9106538e-01   1.3902377e-01   3.1346345e-01
   5.7534651e-02   2.4268111e-01   2.9115779e-01   1.3883294e-01   3.1358204e-01
   5.7496827e-02   2.4291497e-01   2.9125023e-01   1.3864237e-01   3.1370068e-01
   5.7458971e-02   2.4314905e-01   2.9134270e-01   1.3845206e-01   3.1381937e-01
   5.7421083e-02   2.4338336e-01   2.9143520e-01   1.3826202e-01   3.1393810e-01
   5.7383164e-02   2.4361790e-01   2.9152772e-01   1.3807223e-01   3.1405688e-01
   5.7345213e-02   2.4385266e-01   2.9162028e-01   1.3788271e-01   3.1417570e-01
   5.7307231e-02   2.4408765e-01   2.9171287e-01   1.3769344e-01   3.1429456e-01
   5.7269218e-02   2.4432286e-01   2.9180548e-01   1.3750444e-01   3.1441347e-01
   5.7231174e-02   2.4455830e-01   2.9189813e-01   1.3731569e-01   3.1453243e-01
   5.7193100e-02   2.4479397e-01   2.9199080e-01   1.3712721e-01   3.1465143e-01
   5.7154996e-02   2.4502986e-01   2.9208351e-01   1.3693898e-01   3.1477047e-01
   5.7116861e-02   2.4526599e-01   2.9217624e-01   1.3675101e-01   3.1488957e-01
   5.7078697e-02   2.4550234e-01   2.9226900e-01   1.3656330e-01   3.1500870e-01
   5.7040503e-02   2.4573891e-01   2.9236179e-01   1.3637585e-01   3.1512788e-01
   5.7002280e-02   2.4597572e-01   2.9245461e-01   1.3618865e-01   3.1524711e-01
   5.6964028e-02   2.4621275e-01   2.9254747e-01   1.3600171e-01   3.1536638e-01
   5.6925747e-02   2.4645001e-01   2.9264035e-01   1.3581503e-01   3.1548569e-01
   5.6887437e-02   2.4668750e-01   2.9273326e-01   1.3562860e-01   3.1560506e-01
   5.6849099e-02   2.4692522e-01   2.9282620e-01   1.3544243e-01   3.1572446e-01
   5.6810732e-02   2.4716316e-01   2.9291916e-01   1.3525652e-01   3.1584391e-01
   5.6772337e-02   2.4740134e-01   2.9301216e-01   1.3507086e-01   3.1596341e-01
   5.6733915e-02   2.4763975e-01   2.9310519e-01   1.3488545e-01   3.1608295e-01
   5.6695465e-02   2.4787838e-01   2.9319825e-01   1.3470030e-01   3.1620254e-01
   5.6656988e-02   2.4811725e-01   2.9329134e-01   1.3451541e-01   3.1632217e-01
   5.6618483e-02   2.4835634e-01   2.9338445e-01   1.3433077e-01   3.1644185e-01
   5.6579952e-02   2.4859567e-01   2.9347760e-01   1.3414638e-01   3.1656157e-01
   5.6541394e-02   2.4883522e-01   2.9357077e-01   1.3396224e-01   3.1668134e-01
   5.6502809e-02   2.4907501e-01   2.9366398e-01   1.3377836e-01   3.1680116e-01
   5.6464198e-02   2.4931503e-01   2.9375722e-01   1.3359473e-01   3.1692101e-01
   5.6425561e-02   2.4955528e-01   2.9385048e-01   1.3341135e-01   3.1704092e-01
   5.6386899e-02   2.4979576e-01   2.9394377e-01   1.3322822e-01   3.1716087e-01
   5.6348210e-02   2.5003647e-01   2.9403710e-01   1.3304535e-01   3.1728086e-01
   5.6309496e-02   2.5027741e-01   2.9413045e-01   1.3286272e-01   3.1740090e-01
   5.6270757e-02   2.5051859e-01   2.9422383e-01   1.3268035e-01   3.1752099e-01
   5.6231993e-02   2.5076000e-01   2.9431725e-01   1.3249823e-01   3.1764112e-01
   5.6193204e-02   2.5100164e-01   2.9441069e-01   1.3231635e-01   3.1776130e-01
   5.6154391e-02   2.5124351e-01   2.9450416e-01   1.3213473e-01   3.1788152e-01
   5.6115553e-02   2.5148562e-01   2.9459766e-01   1.3195335e-01   3.1800179e-01
   5.6076691e-02   2.5172796e-01   2.9469119e-01   1.3177223e-01   3.1812210e-01
   5.6037805e-02   2.5197053e-01   2.9478476e-01   1.3159135e-01   3.1824246e-01
   5.5998895e-02   2.5221333e-01   2.9487835e-01   1.3141072e-01   3.1836286e-01
   5.5959962e-02   2.5245638e-01   2.9497197e-01   1.3123034e-01   3.1848331e-01
   5.5921005e-02   2.5269965e-01   2.9506562e-01   1.3105021e-01   3.1860381e-01
   5.5882025e-02   2.5294316e-01   2.9515930e-01   1.3087032e-01   3.1872435e-01
   5.5843022e-02   2.5318690e-01   2.9525301e-01   1.3069069e-01   3.1884494e-01
   5.5803997e-02   2.5343088e-01   2.9534675e-01   1.3051129e-01   3.1896557e-01
   5.5764948e-02   2.5367509e-01   2.9544052e-01   1.3033215e-01   3.1908625e-01
   5.5725878e-02   2.5391954e-01   2.9553431e-01   1.3015325e-01   3.1920697e-01
   5.5686785e-02   2.5416423e-01   2.9562814e-01   1.2997459e-01   3.1932774e-01
   5.5647671e-02   2.5440915e-01   2.9572200e-01   1.2979618e-01   3.1944855e-01
   5.5608535e-02   2.5465430e-01   2.9581589e-01   1.2961802e-01   3.1956941e-01
   5.5569377e-02   2.5489969e-01   2.9590981e-01   1.2944010e-01   3.1969032e-01
   5.5530198e-02   2.5514532e-01   2.9600376e-01   1.2926242e-01   3.1981127e-01
   5.5490997e-02   2.5539119e-01   2.9609773e-01   1.2908499e-01   3.1993227e-01
   5.5451776e-02   2.5563729e-01   2.9619174e-01   1.2890780e-01   3.2005331e-01
   5.5412534e-02   2.5588363e-01   2.9628578e-01   1.2873086e-01   3.2017440e-01
   5.5373271e-02   2.5613020e-01   2.9637985e-01   1.2855416e-01   3.2029554e-01
   5.5333988e-02   2.5637701e-01   2.9647394e-01   1.2837770e-01   3.2041672e-01
   5.5294685e-02   2.5662407e-01   2.9656807e-01   1.2820148e-01   3.2053795e-01
   5.5255362e-02   2.5687135e-01   2.9666223e-01   1.2802550e-01   3.2065922e-01
   5.5216019e-02   2.5711888e-01   2.9675641e-01   1.2784977e-01   3.2078054e-01
   5.5176657e-02   2.5736665e-01   2.9685063e-01   1.2767428e-01   3.2090190e-01
   5.5137275e-02   2.5761465e-01   2.9694488e-01   1.2749903e-01   3.2102331e-01
   5.5097874e-02   2.5786290e-01   2.9703915e-01   1.2732401e-01   3.2114477e-01
   5.5058453e-02   2.5811138e-01   2.9713346e-01   1.2714924e-01   3.2126627e-01
   5.5019014e-02   2.5836010e-01   2.9722780e-01   1.2697471e-01   3.2138782e-01
   5.4979557e-02   2.5860906e-01   2.9732216e-01   1.2680042e-01   3.2150941e-01
   5.4940081e-02   2.5885826e-01   2.9741656e-01   1.2662637e-01   3.2163106e-01
   5.4900586e-02   2.5910770e-01   2.9751099e-01   1.2645256e-01   3.2175274e-01
   5.4861074e-02   2.5935739e-01   2.9760544e-01   1.2627898e-01   3.2187447e-01
   5.4821543e-02   2.5960731e-01   2.9769993e-01   1.2610564e-01   3.2199625e-01
   5.4781995e-02   2.5985747e-01   2.9779445e-01   1.2593255e-01   3.2211808e-01
   5.4742430e-02   2.6010788e-01   2.9788899e-01   1.2575968e-01   3.2223995e-01
   5.4702847e-02   2.6035852e-01   2.9798357e-01   1.2558706e-01   3.2236186e-01
   5.4663247e-02   2.6060941e-01   2.9807817e-01   1.2541467e-01   3.2248383e-01
   5.4623629e-02   2.6086054e-01   2.9817281e-01   1.2524252e-01   3.2260584e-01
   5.4583995e-02   2.6111191e-01   2.9826748e-01   1.2507061e-01   3.2272789e-01
