   1.7360582e-04   3.5887090e-03   2.9469581e-03   7.4164600e-04   9.9830647e-01
   5.3008148e-04   3.7780819e-03   3.8156253e-03   7.5533210e-03   9.8930226e-01
   8.7668943e-04   3.9673900e-03   4.6801550e-03   1.4160481e-02   9.8055445e-01
   1.2137312e-03   4.1566335e-03   5.5405675e-03   2.0569346e-02   9.7205507e-01
   1.5414990e-03   4.3458126e-03   6.3968829e-03   2.6785944e-02   9.6379640e-01
   1.8602766e-03   4.5349272e-03   7.2491212e-03   3.2816124e-02   9.5577096e-01
   2.1703387e-03   4.7239776e-03   8.0973024e-03   3.8665554e-02   9.4797151e-01
   2.4719520e-03   4.9129638e-03   8.9414461e-03   4.4339730e-02   9.4039103e-01
   2.7653750e-03   5.1018860e-03   9.7815723e-03   4.9843982e-02   9.3302272e-01
   3.0508585e-03   5.2907442e-03   1.0617700e-02   5.5183477e-02   9.2586000e-01
   3.3286454e-03   5.4795385e-03   1.1449850e-02   6.0363226e-02   9.1889648e-01
   3.5989716e-03   5.6682692e-03   1.2278041e-02   6.5388086e-02   9.1212598e-01
   3.8620656e-03   5.8569361e-03   1.3102292e-02   7.0262768e-02   9.0554251e-01
   4.1181492e-03   6.0455396e-03   1.3922622e-02   7.4991838e-02   8.9914026e-01
   4.3674373e-03   6.2340797e-03   1.4739051e-02   7.9579726e-02   8.9291362e-01
   4.6101384e-03   6.4225564e-03   1.5551598e-02   8.4030724e-02   8.8685713e-01
   4.8464546e-03   6.6109699e-03   1.6360282e-02   8.8348995e-02   8.8096551e-01
   5.0765819e-03   6.7993204e-03   1.7165122e-02   9.2538576e-02   8.7523366e-01
   5.3007105e-03   6.9876078e-03   1.7966135e-02   9.6603381e-02   8.6965662e-01
   5.5190247e-03   7.1758324e-03   1.8763342e-02   1.0054720e-01   8.6422958e-01
   5.7317032e-03   7.3639942e-03   1.9556761e-02   1.0437373e-01   8.5894791e-01
   5.9389194e-03   7.5520933e-03   2.0346410e-02   1.0808651e-01   8.5380709e-01
   6.1408413e-03   7.7401299e-03   2.1132307e-02   1.1168902e-01   8.4880276e-01
   6.3376321e-03   7.9281040e-03   2.1914471e-02   1.1518461e-01   8.4393069e-01
   6.5294498e-03   8.1160157e-03   2.2692921e-02   1.1857653e-01   8.3918679e-01
   6.7164476e-03   8.3038652e-03   2.3467674e-02   1.2186793e-01   8.3456708e-01
   6.8987742e-03   8.4916526e-03   2.4238748e-02   1.2506187e-01   8.3006772e-01
   7.0765739e-03   8.6793780e-03   2.5006162e-02   1.2816131e-01   8.2568498e-01
   7.2499863e-03   8.8670414e-03   2.5769933e-02   1.3116913e-01   8.2141526e-01
   7.4191470e-03   9.0546430e-03   2.6530079e-02   1.3408812e-01   8.1725505e-01
   7.5841875e-03   9.2421829e-03   2.7286617e-02   1.3692098e-01   8.1320098e-01
   7.7452353e-03   9.4296612e-03   2.8039567e-02   1.3967032e-01   8.0924975e-01
   7.9024140e-03   9.6170780e-03   2.8788944e-02   1.4233869e-01   8.0539818e-01
   8.0558435e-03   9.8044334e-03   2.9534766e-02   1.4492854e-01   8.0164321e-01
   8.2056401e-03   9.9917275e-03   3.0277051e-02   1.4744228e-01   7.9798183e-01
   8.3519164e-03   1.0178960e-02   3.1015817e-02   1.4988221e-01   7.9441116e-01
   8.4947819e-03   1.0366132e-02   3.1751079e-02   1.5225057e-01   7.9092840e-01
   8.6343425e-03   1.0553243e-02   3.2482856e-02   1.5454955e-01   7.8753083e-01
   8.7707011e-03   1.0740293e-02   3.3211164e-02   1.5678126e-01   7.8421582e-01
   8.9039573e-03   1.0927282e-02   3.3936021e-02   1.5894774e-01   7.8098083e-01
   9.0342080e-03   1.1114211e-02   3.4657443e-02   1.6105097e-01   7.7782338e-01
   9.1615467e-03   1.1301079e-02   3.5375446e-02   1.6309289e-01   7.7474108e-01
   9.2860646e-03   1.1487887e-02   3.6090049e-02   1.6507535e-01   7.7173162e-01
   9.4078497e-03   1.1674634e-02   3.6801266e-02   1.6700016e-01   7.6879275e-01
   9.5269875e-03   1.1861321e-02   3.7509116e-02   1.6886909e-01   7.6592230e-01
   9.6435611e-03   1.2047948e-02   3.8213614e-02   1.7068382e-01   7.6311816e-01
   9.7576509e-03   1.2234515e-02   3.8914776e-02   1.7244600e-01   7.6037829e-01
   9.8693348e-03   1.2421022e-02   3.9612620e-02   1.7415724e-01   7.5770070e-01
   9.9786884e-03   1.2607469e-02   4.0307161e-02   1.7581909e-01   7.5508349e-01
   1.0085785e-02   1.2793856e-02   4.0998415e-02   1.7743305e-01   7.5252479e-01
   1.0190696e-02   1.2980184e-02   4.1686398e-02   1.7900057e-01   7.5002282e-01
   1.0293491e-02   1.3166452e-02   4.2371127e-02   1.8052307e-01   7.4757581e-01
   1.0394235e-02   1.3352661e-02   4.3052617e-02   1.8200191e-01   7.4518210e-01
   1.0492995e-02   1.3538811e-02   4.3730884e-02   1.8343844e-01   7.4284003e-01
   1.0589832e-02   1.3724901e-02   4.4405944e-02   1.8483392e-01   7.4054803e-01
   1.0684809e-02   1.3910933e-02   4.5077813e-02   1.8618962e-01   7.3830456e-01
   1.0777984e-02   1.4096905e-02   4.5746506e-02   1.8750674e-01   7.3610814e-01
   1.0869414e-02   1.4282819e-02   4.6412038e-02   1.8878646e-01   7.3395731e-01
   1.0959156e-02   1.4468674e-02   4.7074425e-02   1.9002992e-01   7.3185069e-01
   1.1047263e-02   1.4654470e-02   4.7733683e-02   1.9123821e-01   7.2978693e-01
   1.1133787e-02   1.4840207e-02   4.8389827e-02   1.9241241e-01   7.2776470e-01
   1.1218780e-02   1.5025886e-02   4.9042871e-02   1.9355356e-01   7.2578275e-01
   1.1302290e-02   1.5211507e-02   4.9692832e-02   1.9466266e-01   7.2383983e-01
   1.1384366e-02   1.5397070e-02   5.0339724e-02   1.9574069e-01   7.2193477e-01
   1.1465054e-02   1.5582574e-02   5.0983562e-02   1.9678859e-01   7.2006640e-01
   1.1544398e-02   1.5768020e-02   5.1624361e-02   1.9780728e-01   7.1823361e-01
   1.1622443e-02   1.5953409e-02   5.2262136e-02   1.9879766e-01   7.1643530e-01
   1.1699229e-02   1.6138739e-02   5.2896901e-02   1.9976057e-01   7.1467044e-01
   1.1774800e-02   1.6324012e-02   5.3528673e-02   2.0069686e-01   7.1293800e-01
   1.1849193e-02   1.6509227e-02   5.4157464e-02   2.0160734e-01   7.1123700e-01
   1.1922448e-02   1.6694385e-02   5.4783290e-02   2.0249280e-01   7.0956648e-01
   1.1994602e-02   1.6879485e-02   5.5406164e-02   2.0335399e-01   7.0792551e-01
   1.2065692e-02   1.7064528e-02   5.6026103e-02   2.0419165e-01   7.0631321e-01
   1.2135752e-02   1.7249514e-02   5.6643119e-02   2.0500650e-01   7.0472870e-01
   1.2204817e-02   1.7434442e-02   5.7257228e-02   2.0579924e-01   7.0317114e-01
   1.2272920e-02   1.7619314e-02   5.7868443e-02   2.0657054e-01   7.0163971e-01
   1.2340092e-02   1.7804128e-02   5.8476778e-02   2.0732105e-01   7.0013363e-01
   1.2406366e-02   1.7988886e-02   5.9082248e-02   2.0805140e-01   6.9865212e-01
   1.2471770e-02   1.8173588e-02   5.9684866e-02   2.0876222e-01   6.9719445e-01
   1.2536336e-02   1.8358232e-02   6.0284648e-02   2.0945408e-01   6.9575990e-01
   1.2600089e-02   1.8542820e-02   6.0881605e-02   2.1012758e-01   6.9434778e-01
   1.2663060e-02   1.8727352e-02   6.1475753e-02   2.1078327e-01   6.9295740e-01
   1.2725273e-02   1.8911827e-02   6.2067104e-02   2.1142169e-01   6.9158811e-01
   1.2786756e-02   1.9096247e-02   6.2655673e-02   2.1204336e-01   6.9023929e-01
   1.2847532e-02   1.9280610e-02   6.3241474e-02   2.1264881e-01   6.8891032e-01
   1.2907628e-02   1.9464917e-02   6.3824519e-02   2.1323852e-01   6.8760059e-01
   1.2967065e-02   1.9649168e-02   6.4404822e-02   2.1381297e-01   6.8630955e-01
   1.3025868e-02   1.9833364e-02   6.4982397e-02   2.1437263e-01   6.8503663e-01
   1.3084058e-02   2.0017504e-02   6.5557256e-02   2.1491795e-01   6.8378128e-01
   1.3141657e-02   2.0201588e-02   6.6129414e-02   2.1544937e-01   6.8254299e-01
   1.3198686e-02   2.0385617e-02   6.6698884e-02   2.1596730e-01   6.8132125e-01
   1.3255166e-02   2.0569591e-02   6.7265677e-02   2.1647216e-01   6.8011557e-01
   1.3311115e-02   2.0753509e-02   6.7829809e-02   2.1696436e-01   6.7892547e-01
   1.3366554e-02   2.0937372e-02   6.8391291e-02   2.1744426e-01   6.7775048e-01
   1.3421500e-02   2.1121180e-02   6.8950136e-02   2.1791226e-01   6.7659017e-01
   1.3475972e-02   2.1304933e-02   6.9506358e-02   2.1836870e-01   6.7544409e-01
   1.3529987e-02   2.1488631e-02   7.0059970e-02   2.1881396e-01   6.7431183e-01
   1.3583563e-02   2.1672275e-02   7.0610983e-02   2.1924836e-01   6.7319299e-01
   1.3636714e-02   2.1855864e-02   7.1159411e-02   2.1967223e-01   6.7208716e-01
   1.3689458e-02   2.2039398e-02   7.1705266e-02   2.2008590e-01   6.7099397e-01
   1.3741811e-02   2.2222878e-02   7.2248562e-02   2.2048969e-01   6.6991305e-01
   1.3793786e-02   2.2406303e-02   7.2789309e-02   2.2088388e-01   6.6884403e-01
   1.3845398e-02   2.2589674e-02   7.3327522e-02   2.2126878e-01   6.6778657e-01
   1.3896662e-02   2.2772992e-02   7.3863212e-02   2.2164466e-01   6.6674034e-01
   1.3947592e-02   2.2956255e-02   7.4396392e-02   2.2201181e-01   6.6570500e-01
   1.3998200e-02   2.3139464e-02   7.4927073e-02   2.2237048e-01   6.6468025e-01
   1.4048500e-02   2.3322619e-02   7.5455269e-02   2.2272094e-01   6.6366578e-01
   1.4098503e-02   2.3505721e-02   7.5980990e-02   2.2306344e-01   6.6266128e-01
   1.4148223e-02   2.3688769e-02   7.6504251e-02   2.2339822e-01   6.6166647e-01
   1.4197671e-02   2.3871763e-02   7.7025061e-02   2.2372552e-01   6.6068108e-01
   1.4246858e-02   2.4054704e-02   7.7543434e-02   2.2404557e-01   6.5970484e-01
   1.4295796e-02   2.4237592e-02   7.8059381e-02   2.2435858e-01   6.5873747e-01
   1.4344495e-02   2.4420426e-02   7.8572914e-02   2.2466477e-01   6.5777874e-01
   1.4392966e-02   2.4603207e-02   7.9084045e-02   2.2496435e-01   6.5682839e-01
   1.4441219e-02   2.4785935e-02   7.9592786e-02   2.2525753e-01   6.5588618e-01
   1.4489264e-02   2.4968611e-02   8.0099148e-02   2.2554449e-01   6.5495189e-01
   1.4537110e-02   2.5151233e-02   8.0603143e-02   2.2582543e-01   6.5402530e-01
   1.4584766e-02   2.5333803e-02   8.1104783e-02   2.2610054e-01   6.5310618e-01
   1.4632242e-02   2.5516320e-02   8.1604079e-02   2.2636998e-01   6.5219433e-01
   1.4679547e-02   2.5698785e-02   8.2101042e-02   2.2663394e-01   6.5128954e-01
   1.4726688e-02   2.5881197e-02   8.2595684e-02   2.2689258e-01   6.5039162e-01
   1.4773674e-02   2.6063557e-02   8.3088016e-02   2.2714606e-01   6.4950038e-01
   1.4820514e-02   2.6245864e-02   8.3578050e-02   2.2739455e-01   6.4861562e-01
   1.4867214e-02   2.6428120e-02   8.4065797e-02   2.2763819e-01   6.4773719e-01
   1.4913782e-02   2.6610324e-02   8.4551267e-02   2.2787713e-01   6.4686489e-01
   1.4960227e-02   2.6792475e-02   8.5034473e-02   2.2811152e-01   6.4599856e-01
   1.5006554e-02   2.6974575e-02   8.5515425e-02   2.2834150e-01   6.4513804e-01
   1.5052770e-02   2.7156623e-02   8.5994134e-02   2.2856720e-01   6.4428317e-01
   1.5098883e-02   2.7338619e-02   8.6470611e-02   2.2878875e-01   6.4343380e-01
   1.5144899e-02   2.7520564e-02   8.6944867e-02   2.2900628e-01   6.4258978e-01
   1.5190824e-02   2.7702458e-02   8.7416913e-02   2.2921992e-01   6.4175096e-01
   1.5236664e-02   2.7884300e-02   8.7886760e-02   2.2942978e-01   6.4091722e-01
   1.5282426e-02   2.8066091e-02   8.8354418e-02   2.2963598e-01   6.4008840e-01
   1.5328114e-02   2.8247831e-02   8.8819898e-02   2.2983862e-01   6.3926439e-01
   1.5373735e-02   2.8429519e-02   8.9283211e-02   2.3003783e-01   6.3844505e-01
   1.5419295e-02   2.8611157e-02   8.9744368e-02   2.3023371e-01   6.3763026e-01
   1.5464797e-02   2.8792744e-02   9.0203378e-02   2.3042635e-01   6.3681991e-01
   1.5510248e-02   2.8974281e-02   9.0660253e-02   2.3061586e-01   6.3601388e-01
   1.5555653e-02   2.9155766e-02   9.1115003e-02   2.3080233e-01   6.3521205e-01
   1.5601016e-02   2.9337201e-02   9.1567638e-02   2.3098586e-01   6.3441432e-01
   1.5646342e-02   2.9518586e-02   9.2018169e-02   2.3116654e-01   6.3362059e-01
   1.5691636e-02   2.9699921e-02   9.2466605e-02   2.3134445e-01   6.3283074e-01
   1.5736902e-02   2.9881205e-02   9.2912958e-02   2.3151968e-01   6.3204469e-01
   1.5782144e-02   3.0062439e-02   9.3357237e-02   2.3169232e-01   6.3126234e-01
   1.5827367e-02   3.0243623e-02   9.3799452e-02   2.3186244e-01   6.3048360e-01
   1.5872575e-02   3.0424757e-02   9.4239614e-02   2.3203011e-01   6.2970837e-01
   1.5917771e-02   3.0605841e-02   9.4677732e-02   2.3219543e-01   6.2893657e-01
   1.5962961e-02   3.0786876e-02   9.5113817e-02   2.3235845e-01   6.2816812e-01
   1.6008146e-02   3.0967861e-02   9.5547879e-02   2.3251925e-01   6.2740293e-01
   1.6053331e-02   3.1148796e-02   9.5979926e-02   2.3267790e-01   6.2664093e-01
   1.6098520e-02   3.1329682e-02   9.6409971e-02   2.3283447e-01   6.2588203e-01
   1.6143716e-02   3.1510518e-02   9.6838021e-02   2.3298901e-01   6.2512617e-01
   1.6188922e-02   3.1691306e-02   9.7264087e-02   2.3314159e-01   6.2437327e-01
   1.6234142e-02   3.1872044e-02   9.7688178e-02   2.3329228e-01   6.2362326e-01
   1.6279379e-02   3.2052733e-02   9.8110304e-02   2.3344112e-01   6.2287608e-01
   1.6324635e-02   3.2233373e-02   9.8530476e-02   2.3358819e-01   6.2213166e-01
   1.6369914e-02   3.2413965e-02   9.8948701e-02   2.3373353e-01   6.2138993e-01
   1.6415219e-02   3.2594507e-02   9.9364991e-02   2.3387719e-01   6.2065084e-01
   1.6460553e-02   3.2775001e-02   9.9779353e-02   2.3401923e-01   6.1991432e-01
   1.6505917e-02   3.2955447e-02   1.0019180e-01   2.3415970e-01   6.1918032e-01
   1.6551316e-02   3.3135844e-02   1.0060234e-01   2.3429865e-01   6.1844878e-01
   1.6596752e-02   3.3316192e-02   1.0101097e-01   2.3443612e-01   6.1771965e-01
   1.6642227e-02   3.3496493e-02   1.0141772e-01   2.3457216e-01   6.1699287e-01
   1.6687743e-02   3.3676745e-02   1.0182259e-01   2.3470682e-01   6.1626840e-01
   1.6733304e-02   3.3856949e-02   1.0222559e-01   2.3484013e-01   6.1554617e-01
   1.6778911e-02   3.4037105e-02   1.0262673e-01   2.3497215e-01   6.1482616e-01
   1.6824566e-02   3.4217214e-02   1.0302601e-01   2.3510290e-01   6.1410830e-01
   1.6870273e-02   3.4397274e-02   1.0342345e-01   2.3523244e-01   6.1339256e-01
   1.6916033e-02   3.4577287e-02   1.0381906e-01   2.3536080e-01   6.1267889e-01
   1.6961848e-02   3.4757252e-02   1.0421284e-01   2.3548801e-01   6.1196724e-01
   1.7007720e-02   3.4937170e-02   1.0460480e-01   2.3561411e-01   6.1125759e-01
   1.7053652e-02   3.5117041e-02   1.0499496e-01   2.3573913e-01   6.1054988e-01
   1.7099645e-02   3.5296864e-02   1.0538332e-01   2.3586312e-01   6.0984408e-01
   1.7145701e-02   3.5476640e-02   1.0576988e-01   2.3598610e-01   6.0914015e-01
   1.7191822e-02   3.5656369e-02   1.0615467e-01   2.3610810e-01   6.0843806e-01
   1.7238010e-02   3.5836051e-02   1.0653768e-01   2.3622915e-01   6.0773777e-01
   1.7284267e-02   3.6015686e-02   1.0691893e-01   2.3634930e-01   6.0703924e-01
   1.7330594e-02   3.6195274e-02   1.0729842e-01   2.3646855e-01   6.0634245e-01
   1.7376993e-02   3.6374816e-02   1.0767617e-01   2.3658694e-01   6.0564735e-01
   1.7423465e-02   3.6554311e-02   1.0805218e-01   2.3670451e-01   6.0495393e-01
   1.7470013e-02   3.6733759e-02   1.0842646e-01   2.3682127e-01   6.0426215e-01
   1.7516637e-02   3.6913161e-02   1.0879901e-01   2.3693724e-01   6.0357198e-01
   1.7563340e-02   3.7092517e-02   1.0916986e-01   2.3705247e-01   6.0288339e-01
   1.7610123e-02   3.7271827e-02   1.0953900e-01   2.3716696e-01   6.0219636e-01
   1.7656987e-02   3.7451090e-02   1.0990644e-01   2.3728075e-01   6.0151085e-01
   1.7703934e-02   3.7630308e-02   1.1027220e-01   2.3739385e-01   6.0082685e-01
   1.7750965e-02   3.7809479e-02   1.1063627e-01   2.3750628e-01   6.0014433e-01
   1.7798081e-02   3.7988605e-02   1.1099868e-01   2.3761808e-01   5.9946326e-01
   1.7845284e-02   3.8167685e-02   1.1135942e-01   2.3772925e-01   5.9878361e-01
   1.7892575e-02   3.8346719e-02   1.1171850e-01   2.3783982e-01   5.9810538e-01
   1.7939955e-02   3.8525708e-02   1.1207594e-01   2.3794981e-01   5.9742853e-01
   1.7987426e-02   3.8704651e-02   1.1243174e-01   2.3805924e-01   5.9675304e-01
   1.8034988e-02   3.8883549e-02   1.1278591e-01   2.3816812e-01   5.9607890e-01
   1.8082644e-02   3.9062402e-02   1.1313846e-01   2.3827647e-01   5.9540608e-01
   1.8130393e-02   3.9241210e-02   1.1348939e-01   2.3838431e-01   5.9473456e-01
   1.8178238e-02   3.9419972e-02   1.1383871e-01   2.3849166e-01   5.9406433e-01
   1.8226179e-02   3.9598690e-02   1.1418644e-01   2.3859853e-01   5.9339536e-01
   1.8274218e-02   3.9777363e-02   1.1453257e-01   2.3870494e-01   5.9272764e-01
   1.8322355e-02   3.9955991e-02   1.1487712e-01   2.3881090e-01   5.9206115e-01
   1.8370591e-02   4.0134574e-02   1.1522010e-01   2.3891643e-01   5.9139587e-01
   1.8418928e-02   4.0313113e-02   1.1556150e-01   2.3902154e-01   5.9073179e-01
   1.8467366e-02   4.0491607e-02   1.1590135e-01   2.3912625e-01   5.9006889e-01
   1.8515907e-02   4.0670057e-02   1.1623964e-01   2.3923056e-01   5.8940715e-01
   1.8564552e-02   4.0848463e-02   1.1657639e-01   2.3933450e-01   5.8874657e-01
   1.8613301e-02   4.1026824e-02   1.1691159e-01   2.3943807e-01   5.8808712e-01
   1.8662155e-02   4.1205142e-02   1.1724527e-01   2.3954128e-01   5.8742880e-01
   1.8711115e-02   4.1383415e-02   1.1757743e-01   2.3964416e-01   5.8677158e-01
   1.8760183e-02   4.1561645e-02   1.1790807e-01   2.3974671e-01   5.8611546e-01
   1.8809358e-02   4.1739830e-02   1.1823720e-01   2.3984893e-01   5.8546043e-01
   1.8858643e-02   4.1917972e-02   1.1856483e-01   2.3995085e-01   5.8480646e-01
   1.8908037e-02   4.2096071e-02   1.1889097e-01   2.4005247e-01   5.8415355e-01
   1.8957541e-02   4.2274126e-02   1.1921563e-01   2.4015380e-01   5.8350168e-01
   1.9007157e-02   4.2452137e-02   1.1953880e-01   2.4025486e-01   5.8285086e-01
   1.9056885e-02   4.2630105e-02   1.1986050e-01   2.4035564e-01   5.8220105e-01
   1.9106726e-02   4.2808030e-02   1.2018074e-01   2.4045617e-01   5.8155226e-01
   1.9156681e-02   4.2985912e-02   1.2049952e-01   2.4055644e-01   5.8090447e-01
   1.9206750e-02   4.3163750e-02   1.2081686e-01   2.4065648e-01   5.8025767e-01
   1.9256934e-02   4.3341546e-02   1.2113275e-01   2.4075628e-01   5.7961186e-01
   1.9307234e-02   4.3519299e-02   1.2144720e-01   2.4085585e-01   5.7896702e-01
   1.9357651e-02   4.3697009e-02   1.2176022e-01   2.4095521e-01   5.7832314e-01
   1.9408185e-02   4.3874677e-02   1.2207183e-01   2.4105436e-01   5.7768022e-01
   1.9458838e-02   4.4052302e-02   1.2238201e-01   2.4115331e-01   5.7703824e-01
   1.9509609e-02   4.4229884e-02   1.2269079e-01   2.4125206e-01   5.7639720e-01
   1.9560499e-02   4.4407424e-02   1.2299817e-01   2.4135063e-01   5.7575709e-01
   1.9611510e-02   4.4584922e-02   1.2330416e-01   2.4144901e-01   5.7511790e-01
   1.9662641e-02   4.4762378e-02   1.2360876e-01   2.4154722e-01   5.7447962e-01
   1.9713894e-02   4.4939791e-02   1.2391197e-01   2.4164526e-01   5.7384225e-01
   1.9765269e-02   4.5117163e-02   1.2421382e-01   2.4174314e-01   5.7320578e-01
   1.9816766e-02   4.5294492e-02   1.2451429e-01   2.4184086e-01   5.7257020e-01
   1.9868387e-02   4.5471780e-02   1.2481341e-01   2.4193843e-01   5.7193551e-01
   1.9920132e-02   4.5649026e-02   1.2511117e-01   2.4203586e-01   5.7130169e-01
   1.9972001e-02   4.5826231e-02   1.2540759e-01   2.4213315e-01   5.7066874e-01
   2.0023996e-02   4.6003393e-02   1.2570266e-01   2.4223031e-01   5.7003665e-01
   2.0076116e-02   4.6180515e-02   1.2599640e-01   2.4232733e-01   5.6940543e-01
   2.0128363e-02   4.6357595e-02   1.2628882e-01   2.4242424e-01   5.6877506e-01
   2.0180737e-02   4.6534634e-02   1.2657991e-01   2.4252102e-01   5.6814553e-01
   2.0233238e-02   4.6711632e-02   1.2686969e-01   2.4261769e-01   5.6751684e-01
   2.0285868e-02   4.6888589e-02   1.2715816e-01   2.4271425e-01   5.6688899e-01
   2.0338626e-02   4.7065504e-02   1.2744532e-01   2.4281071e-01   5.6626197e-01
   2.0391513e-02   4.7242379e-02   1.2773120e-01   2.4290706e-01   5.6563577e-01
   2.0444530e-02   4.7419213e-02   1.2801578e-01   2.4300332e-01   5.6501039e-01
   2.0497678e-02   4.7596007e-02   1.2829908e-01   2.4309948e-01   5.6438583e-01
   2.0550956e-02   4.7772760e-02   1.2858111e-01   2.4319556e-01   5.6376207e-01
   2.0604366e-02   4.7949472e-02   1.2886186e-01   2.4329155e-01   5.6313912e-01
   2.0657908e-02   4.8126144e-02   1.2914135e-01   2.4338746e-01   5.6251697e-01
   2.0711582e-02   4.8302776e-02   1.2941959e-01   2.4348329e-01   5.6189562e-01
   2.0765390e-02   4.8479367e-02   1.2969657e-01   2.4357905e-01   5.6127506e-01
   2.0819331e-02   4.8655918e-02   1.2997231e-01   2.4367473e-01   5.6065528e-01
   2.0873406e-02   4.8832430e-02   1.3024680e-01   2.4377035e-01   5.6003629e-01
   2.0927615e-02   4.9008901e-02   1.3052007e-01   2.4386590e-01   5.5941807e-01
   2.0981960e-02   4.9185333e-02   1.3079210e-01   2.4396139e-01   5.5880063e-01
   2.1036440e-02   4.9361724e-02   1.3106292e-01   2.4405683e-01   5.5818396e-01
   2.1091057e-02   4.9538077e-02   1.3133252e-01   2.4415220e-01   5.5756806e-01
   2.1145810e-02   4.9714389e-02   1.3160091e-01   2.4424753e-01   5.5695292e-01
   2.1200700e-02   4.9890662e-02   1.3186810e-01   2.4434280e-01   5.5633854e-01
   2.1255728e-02   5.0066896e-02   1.3213409e-01   2.4443803e-01   5.5572492e-01
   2.1310894e-02   5.0243091e-02   1.3239889e-01   2.4453321e-01   5.5511205e-01
   2.1366199e-02   5.0419246e-02   1.3266250e-01   2.4462835e-01   5.5449993e-01
   2.1421642e-02   5.0595362e-02   1.3292493e-01   2.4472344e-01   5.5388856e-01
   2.1477226e-02   5.0771439e-02   1.3318619e-01   2.4481850e-01   5.5327793e-01
   2.1532949e-02   5.0947478e-02   1.3344628e-01   2.4491353e-01   5.5266804e-01
   2.1588813e-02   5.1123477e-02   1.3370521e-01   2.4500852e-01   5.5205889e-01
   2.1644818e-02   5.1299438e-02   1.3396298e-01   2.4510347e-01   5.5145047e-01
   2.1700964e-02   5.1475360e-02   1.3421960e-01   2.4519840e-01   5.5084278e-01
   2.1757252e-02   5.1651244e-02   1.3447507e-01   2.4529330e-01   5.5023583e-01
   2.1813683e-02   5.1827089e-02   1.3472940e-01   2.4538818e-01   5.4962960e-01
   2.1870257e-02   5.2002895e-02   1.3498260e-01   2.4548303e-01   5.4902409e-01
   2.1926973e-02   5.2178664e-02   1.3523467e-01   2.4557786e-01   5.4841930e-01
   2.1983834e-02   5.2354394e-02   1.3548561e-01   2.4567267e-01   5.4781524e-01
   2.2040839e-02   5.2530087e-02   1.3573544e-01   2.4576746e-01   5.4721189e-01
   2.2097989e-02   5.2705741e-02   1.3598416e-01   2.4586223e-01   5.4660925e-01
   2.2155284e-02   5.2881357e-02   1.3623176e-01   2.4595699e-01   5.4600732e-01
   2.2212725e-02   5.3056936e-02   1.3647827e-01   2.4605174e-01   5.4540610e-01
   2.2270312e-02   5.3232477e-02   1.3672368e-01   2.4614647e-01   5.4480559e-01
   2.2328045e-02   5.3407980e-02   1.3696800e-01   2.4624119e-01   5.4420579e-01
   2.2385926e-02   5.3583446e-02   1.3721123e-01   2.4633590e-01   5.4360668e-01
   2.2443953e-02   5.3758875e-02   1.3745338e-01   2.4643061e-01   5.4300828e-01
   2.2502129e-02   5.3934266e-02   1.3769446e-01   2.4652530e-01   5.4241057e-01
   2.2560454e-02   5.4109619e-02   1.3793447e-01   2.4662000e-01   5.4181356e-01
   2.2618927e-02   5.4284936e-02   1.3817342e-01   2.4671469e-01   5.4121724e-01
   2.2677549e-02   5.4460216e-02   1.3841130e-01   2.4680937e-01   5.4062162e-01
   2.2736321e-02   5.4635458e-02   1.3864813e-01   2.4690405e-01   5.4002668e-01
   2.2795244e-02   5.4810664e-02   1.3888391e-01   2.4699874e-01   5.3943244e-01
   2.2854317e-02   5.4985833e-02   1.3911865e-01   2.4709342e-01   5.3883888e-01
   2.2913541e-02   5.5160965e-02   1.3935235e-01   2.4718811e-01   5.3824600e-01
   2.2972917e-02   5.5336061e-02   1.3958501e-01   2.4728280e-01   5.3765381e-01
   2.3032444e-02   5.5511120e-02   1.3981665e-01   2.4737749e-01   5.3706230e-01
   2.3092124e-02   5.5686143e-02   1.4004726e-01   2.4747218e-01   5.3647147e-01
   2.3151957e-02   5.5861129e-02   1.4027686e-01   2.4756688e-01   5.3588131e-01
   2.3211944e-02   5.6036080e-02   1.4050544e-01   2.4766159e-01   5.3529183e-01
   2.3272084e-02   5.6210994e-02   1.4073301e-01   2.4775631e-01   5.3470303e-01
   2.3332378e-02   5.6385872e-02   1.4095958e-01   2.4785103e-01   5.3411490e-01
   2.3392827e-02   5.6560714e-02   1.4118515e-01   2.4794577e-01   5.3352744e-01
   2.3453431e-02   5.6735520e-02   1.4140973e-01   2.4804051e-01   5.3294065e-01
   2.3514190e-02   5.6910290e-02   1.4163332e-01   2.4813526e-01   5.3235453e-01
   2.3575106e-02   5.7085025e-02   1.4185592e-01   2.4823003e-01   5.3176907e-01
   2.3636178e-02   5.7259724e-02   1.4207754e-01   2.4832481e-01   5.3118428e-01
   2.3697407e-02   5.7434388e-02   1.4229819e-01   2.4841960e-01   5.3060016e-01
   2.3758793e-02   5.7609016e-02   1.4251787e-01   2.4851440e-01   5.3001669e-01
   2.3820337e-02   5.7783609e-02   1.4273659e-01   2.4860922e-01   5.2943389e-01
   2.3882039e-02   5.7958166e-02   1.4295434e-01   2.4870405e-01   5.2885175e-01
   2.3943900e-02   5.8132689e-02   1.4317114e-01   2.4879890e-01   5.2827027e-01
   2.4005920e-02   5.8307176e-02   1.4338699e-01   2.4889377e-01   5.2768944e-01
   2.4068099e-02   5.8481629e-02   1.4360189e-01   2.4898865e-01   5.2710927e-01
   2.4130438e-02   5.8656047e-02   1.4381585e-01   2.4908355e-01   5.2652975e-01
   2.4192938e-02   5.8830429e-02   1.4402888e-01   2.4917847e-01   5.2595089e-01
   2.4255599e-02   5.9004778e-02   1.4424097e-01   2.4927340e-01   5.2537268e-01
   2.4318421e-02   5.9179091e-02   1.4445213e-01   2.4936836e-01   5.2479512e-01
   2.4381405e-02   5.9353370e-02   1.4466237e-01   2.4946334e-01   5.2421821e-01
   2.4444551e-02   5.9527615e-02   1.4487169e-01   2.4955833e-01   5.2364195e-01
   2.4507859e-02   5.9701825e-02   1.4508010e-01   2.4965335e-01   5.2306633e-01
   2.4571331e-02   5.9876001e-02   1.4528760e-01   2.4974838e-01   5.2249136e-01
   2.4634966e-02   6.0050143e-02   1.4549419e-01   2.4984344e-01   5.2191704e-01
   2.4698765e-02   6.0224251e-02   1.4569988e-01   2.4993852e-01   5.2134336e-01
   2.4762729e-02   6.0398325e-02   1.4590467e-01   2.5003363e-01   5.2077032e-01
   2.4826858e-02   6.0572365e-02   1.4610858e-01   2.5012875e-01   5.2019793e-01
   2.4891151e-02   6.0746371e-02   1.4631159e-01   2.5022390e-01   5.1962618e-01
   2.4955611e-02   6.0920344e-02   1.4651372e-01   2.5031907e-01   5.1905506e-01
   2.5020237e-02   6.1094283e-02   1.4671497e-01   2.5041427e-01   5.1848458e-01
   2.5085029e-02   6.1268188e-02   1.4691535e-01   2.5050949e-01   5.1791474e-01
   2.5149989e-02   6.1442060e-02   1.4711486e-01   2.5060474e-01   5.1734554e-01
   2.5215116e-02   6.1615899e-02   1.4731350e-01   2.5070001e-01   5.1677697e-01
   2.5280412e-02   6.1789704e-02   1.4751128e-01   2.5079531e-01   5.1620904e-01
   2.5345875e-02   6.1963477e-02   1.4770820e-01   2.5089063e-01   5.1564174e-01
   2.5411508e-02   6.2137216e-02   1.4790427e-01   2.5098598e-01   5.1507507e-01
   2.5477310e-02   6.2310922e-02   1.4809948e-01   2.5108135e-01   5.1450904e-01
   2.5543282e-02   6.2484596e-02   1.4829386e-01   2.5117676e-01   5.1394363e-01
   2.5609424e-02   6.2658236e-02   1.4848739e-01   2.5127219e-01   5.1337885e-01
   2.5675737e-02   6.2831844e-02   1.4868008e-01   2.5136764e-01   5.1281470e-01
   2.5742222e-02   6.3005419e-02   1.4887195e-01   2.5146313e-01   5.1225118e-01
   2.5808878e-02   6.3178962e-02   1.4906298e-01   2.5155864e-01   5.1168829e-01
   2.5875706e-02   6.3352472e-02   1.4925319e-01   2.5165418e-01   5.1112602e-01
   2.5942706e-02   6.3525950e-02   1.4944258e-01   2.5174975e-01   5.1056438e-01
   2.6009880e-02   6.3699396e-02   1.4963115e-01   2.5184534e-01   5.1000336e-01
   2.6077227e-02   6.3872810e-02   1.4981890e-01   2.5194097e-01   5.0944296e-01
   2.6144748e-02   6.4046191e-02   1.5000585e-01   2.5203662e-01   5.0888319e-01
   2.6212444e-02   6.4219541e-02   1.5019200e-01   2.5213231e-01   5.0832403e-01
   2.6280314e-02   6.4392858e-02   1.5037734e-01   2.5222802e-01   5.0776550e-01
   2.6348360e-02   6.4566144e-02   1.5056189e-01   2.5232377e-01   5.0720758e-01
   2.6416581e-02   6.4739398e-02   1.5074565e-01   2.5241954e-01   5.0665029e-01
   2.6484979e-02   6.4912620e-02   1.5092861e-01   2.5251535e-01   5.0609361e-01
   2.6553554e-02   6.5085811e-02   1.5111079e-01   2.5261118e-01   5.0553755e-01
   2.6622306e-02   6.5258971e-02   1.5129219e-01   2.5270705e-01   5.0498210e-01
   2.6691235e-02   6.5432099e-02   1.5147281e-01   2.5280294e-01   5.0442727e-01
   2.6760343e-02   6.5605195e-02   1.5165266e-01   2.5289887e-01   5.0387306e-01
   2.6829629e-02   6.5778261e-02   1.5183174e-01   2.5299483e-01   5.0331946e-01
   2.6899095e-02   6.5951295e-02   1.5201005e-01   2.5309081e-01   5.0276647e-01
   2.6968740e-02   6.6124299e-02   1.5218760e-01   2.5318684e-01   5.0221409e-01
   2.7038565e-02   6.6297271e-02   1.5236439e-01   2.5328289e-01   5.0166232e-01
   2.7108570e-02   6.6470213e-02   1.5254043e-01   2.5337897e-01   5.0111116e-01
   2.7178757e-02   6.6643124e-02   1.5271571e-01   2.5347509e-01   5.0056062e-01
   2.7249125e-02   6.6816004e-02   1.5289025e-01   2.5357124e-01   5.0001068e-01
   2.7319675e-02   6.6988854e-02   1.5306404e-01   2.5366742e-01   4.9946135e-01
   2.7390407e-02   6.7161673e-02   1.5323710e-01   2.5376363e-01   4.9891262e-01
   2.7461323e-02   6.7334462e-02   1.5340941e-01   2.5385987e-01   4.9836451e-01
   2.7532421e-02   6.7507221e-02   1.5358099e-01   2.5395615e-01   4.9781700e-01
   2.7603704e-02   6.7679949e-02   1.5375185e-01   2.5405246e-01   4.9727009e-01
   2.7675171e-02   6.7852647e-02   1.5392198e-01   2.5414881e-01   4.9672379e-01
   2.7746822e-02   6.8025315e-02   1.5409138e-01   2.5424518e-01   4.9617809e-01
   2.7818659e-02   6.8197954e-02   1.5426007e-01   2.5434159e-01   4.9563299e-01
   2.7890682e-02   6.8370562e-02   1.5442804e-01   2.5443803e-01   4.9508849e-01
   2.7962891e-02   6.8543141e-02   1.5459530e-01   2.5453451e-01   4.9454460e-01
   2.8035287e-02   6.8715689e-02   1.5476185e-01   2.5463102e-01   4.9400130e-01
   2.8107870e-02   6.8888209e-02   1.5492770e-01   2.5472756e-01   4.9345861e-01
   2.8180641e-02   6.9060699e-02   1.5509285e-01   2.5482414e-01   4.9291651e-01
   2.8253600e-02   6.9233159e-02   1.5525729e-01   2.5492075e-01   4.9237501e-01
   2.8326748e-02   6.9405590e-02   1.5542105e-01   2.5501740e-01   4.9183411e-01
   2.8400085e-02   6.9577992e-02   1.5558411e-01   2.5511407e-01   4.9129380e-01
   2.8473612e-02   6.9750364e-02   1.5574648e-01   2.5521079e-01   4.9075410e-01
   2.8547329e-02   6.9922708e-02   1.5590817e-01   2.5530753e-01   4.9021498e-01
   2.8621236e-02   7.0095023e-02   1.5606918e-01   2.5540431e-01   4.8967646e-01
   2.8695335e-02   7.0267308e-02   1.5622952e-01   2.5550113e-01   4.8913854e-01
   2.8769626e-02   7.0439565e-02   1.5638917e-01   2.5559798e-01   4.8860120e-01
   2.8844109e-02   7.0611793e-02   1.5654816e-01   2.5569486e-01   4.8806446e-01
   2.8918784e-02   7.0783993e-02   1.5670648e-01   2.5579178e-01   4.8752831e-01
   2.8993653e-02   7.0956164e-02   1.5686413e-01   2.5588874e-01   4.8699275e-01
   2.9068715e-02   7.1128306e-02   1.5702113e-01   2.5598572e-01   4.8645778e-01
   2.9143972e-02   7.1300421e-02   1.5717746e-01   2.5608275e-01   4.8592340e-01
   2.9219423e-02   7.1472506e-02   1.5733314e-01   2.5617980e-01   4.8538961e-01
   2.9295070e-02   7.1644564e-02   1.5748817e-01   2.5627690e-01   4.8485641e-01
   2.9370912e-02   7.1816594e-02   1.5764255e-01   2.5637402e-01   4.8432379e-01
   2.9446951e-02   7.1988595e-02   1.5779629e-01   2.5647119e-01   4.8379176e-01
   2.9523186e-02   7.2160569e-02   1.5794938e-01   2.5656839e-01   4.8326032e-01
   2.9599619e-02   7.2332515e-02   1.5810184e-01   2.5666562e-01   4.8272946e-01
   2.9676249e-02   7.2504433e-02   1.5825366e-01   2.5676289e-01   4.8219919e-01
   2.9753078e-02   7.2676323e-02   1.5840484e-01   2.5686019e-01   4.8166950e-01
   2.9830105e-02   7.2848186e-02   1.5855540e-01   2.5695753e-01   4.8114039e-01
   2.9907332e-02   7.3020021e-02   1.5870533e-01   2.5705490e-01   4.8061186e-01
   2.9984759e-02   7.3191829e-02   1.5885464e-01   2.5715231e-01   4.8008392e-01
   3.0062386e-02   7.3363609e-02   1.5900333e-01   2.5724976e-01   4.7955656e-01
   3.0140214e-02   7.3535363e-02   1.5915140e-01   2.5734724e-01   4.7902978e-01
   3.0218243e-02   7.3707089e-02   1.5929885e-01   2.5744476e-01   4.7850358e-01
   3.0296474e-02   7.3878788e-02   1.5944570e-01   2.5754231e-01   4.7797795e-01
   3.0374908e-02   7.4050460e-02   1.5959194e-01   2.5763990e-01   4.7745291e-01
   3.0453545e-02   7.4222105e-02   1.5973757e-01   2.5773752e-01   4.7692844e-01
   3.0532385e-02   7.4393724e-02   1.5988260e-01   2.5783518e-01   4.7640455e-01
   3.0611429e-02   7.4565315e-02   1.6002703e-01   2.5793288e-01   4.7588124e-01
   3.0690678e-02   7.4736880e-02   1.6017086e-01   2.5803061e-01   4.7535850e-01
   3.0770132e-02   7.4908419e-02   1.6031410e-01   2.5812838e-01   4.7483634e-01
   3.0849792e-02   7.5079931e-02   1.6045675e-01   2.5822618e-01   4.7431475e-01
   3.0929658e-02   7.5251417e-02   1.6059881e-01   2.5832402e-01   4.7379374e-01
   3.1009730e-02   7.5422876e-02   1.6074029e-01   2.5842190e-01   4.7327330e-01
   3.1090010e-02   7.5594309e-02   1.6088119e-01   2.5851981e-01   4.7275343e-01
   3.1170497e-02   7.5765716e-02   1.6102150e-01   2.5861776e-01   4.7223413e-01
   3.1251193e-02   7.5937097e-02   1.6116124e-01   2.5871574e-01   4.7171540e-01
   3.1332098e-02   7.6108453e-02   1.6130041e-01   2.5881377e-01   4.7119725e-01
   3.1413212e-02   7.6279782e-02   1.6143901e-01   2.5891182e-01   4.7067966e-01
   3.1494536e-02   7.6451085e-02   1.6157704e-01   2.5900992e-01   4.7016265e-01
   3.1576071e-02   7.6622363e-02   1.6171450e-01   2.5910805e-01   4.6964620e-01
   3.1657816e-02   7.6793615e-02   1.6185140e-01   2.5920621e-01   4.6913032e-01
   3.1739774e-02   7.6964842e-02   1.6198775e-01   2.5930442e-01   4.6861501e-01
   3.1821943e-02   7.7136043e-02   1.6212353e-01   2.5940266e-01   4.6810026e-01
   3.1904325e-02   7.7307219e-02   1.6225876e-01   2.5950093e-01   4.6758608e-01
   3.1986920e-02   7.7478370e-02   1.6239345e-01   2.5959925e-01   4.6707247e-01
   3.2069729e-02   7.7649496e-02   1.6252758e-01   2.5969760e-01   4.6655942e-01
   3.2152752e-02   7.7820596e-02   1.6266116e-01   2.5979598e-01   4.6604693e-01
   3.2235991e-02   7.7991672e-02   1.6279421e-01   2.5989440e-01   4.6553501e-01
   3.2319444e-02   7.8162722e-02   1.6292671e-01   2.5999286e-01   4.6502365e-01
   3.2403114e-02   7.8333748e-02   1.6305868e-01   2.6009136e-01   4.6451285e-01
   3.2487000e-02   7.8504749e-02   1.6319011e-01   2.6018989e-01   4.6400261e-01
   3.2571104e-02   7.8675725e-02   1.6332100e-01   2.6028846e-01   4.6349294e-01
   3.2655425e-02   7.8846677e-02   1.6345137e-01   2.6038707e-01   4.6298382e-01
   3.2739964e-02   7.9017604e-02   1.6358121e-01   2.6048571e-01   4.6247527e-01
   3.2824723e-02   7.9188507e-02   1.6371053e-01   2.6058439e-01   4.6196727e-01
   3.2909700e-02   7.9359386e-02   1.6383932e-01   2.6068311e-01   4.6145983e-01
   3.2994898e-02   7.9530240e-02   1.6396759e-01   2.6078187e-01   4.6095295e-01
   3.3080316e-02   7.9701070e-02   1.6409535e-01   2.6088066e-01   4.6044663e-01
   3.3165955e-02   7.9871877e-02   1.6422259e-01   2.6097949e-01   4.5994086e-01
   3.3251816e-02   8.0042659e-02   1.6434932e-01   2.6107835e-01   4.5943565e-01
   3.3337900e-02   8.0213417e-02   1.6447554e-01   2.6117725e-01   4.5893100e-01
   3.3424206e-02   8.0384152e-02   1.6460126e-01   2.6127619e-01   4.5842689e-01
   3.3510735e-02   8.0554862e-02   1.6472647e-01   2.6137517e-01   4.5792335e-01
   3.3597488e-02   8.0725550e-02   1.6485117e-01   2.6147418e-01   4.5742035e-01
   3.3684466e-02   8.0896213e-02   1.6497538e-01   2.6157323e-01   4.5691791e-01
   3.3771670e-02   8.1066854e-02   1.6509909e-01   2.6167232e-01   4.5641603e-01
   3.3859098e-02   8.1237470e-02   1.6522231e-01   2.6177145e-01   4.5591469e-01
   3.3946754e-02   8.1408064e-02   1.6534503e-01   2.6187061e-01   4.5541390e-01
   3.4034636e-02   8.1578634e-02   1.6546726e-01   2.6196981e-01   4.5491367e-01
   3.4122745e-02   8.1749181e-02   1.6558901e-01   2.6206905e-01   4.5441398e-01
   3.4211083e-02   8.1919706e-02   1.6571027e-01   2.6216832e-01   4.5391484e-01
   3.4299649e-02   8.2090207e-02   1.6583105e-01   2.6226763e-01   4.5341625e-01
   3.4388445e-02   8.2260685e-02   1.6595135e-01   2.6236698e-01   4.5291821e-01
   3.4477470e-02   8.2431141e-02   1.6607117e-01   2.6246637e-01   4.5242072e-01
   3.4566726e-02   8.2601574e-02   1.6619051e-01   2.6256579e-01   4.5192377e-01
   3.4656213e-02   8.2771984e-02   1.6630939e-01   2.6266525e-01   4.5142737e-01
   3.4745932e-02   8.2942372e-02   1.6642779e-01   2.6276475e-01   4.5093152e-01
   3.4835883e-02   8.3112737e-02   1.6654572e-01   2.6286429e-01   4.5043621e-01
   3.4926067e-02   8.3283080e-02   1.6666319e-01   2.6296386e-01   4.4994144e-01
   3.5016484e-02   8.3453401e-02   1.6678019e-01   2.6306347e-01   4.4944722e-01
   3.5107135e-02   8.3623699e-02   1.6689673e-01   2.6316312e-01   4.4895354e-01
   3.5198021e-02   8.3793976e-02   1.6701281e-01   2.6326281e-01   4.4846040e-01
   3.5289142e-02   8.3964230e-02   1.6712843e-01   2.6336253e-01   4.4796781e-01
   3.5380499e-02   8.4134462e-02   1.6724360e-01   2.6346229e-01   4.4747575e-01
   3.5472093e-02   8.4304673e-02   1.6735832e-01   2.6356209e-01   4.4698424e-01
   3.5563924e-02   8.4474862e-02   1.6747258e-01   2.6366193e-01   4.4649327e-01
   3.5655992e-02   8.4645029e-02   1.6758640e-01   2.6376180e-01   4.4600283e-01
   3.5748299e-02   8.4815175e-02   1.6769977e-01   2.6386171e-01   4.4551294e-01
   3.5840845e-02   8.4985299e-02   1.6781270e-01   2.6396166e-01   4.4502358e-01
   3.5933630e-02   8.5155401e-02   1.6792518e-01   2.6406165e-01   4.4453476e-01
   3.6026655e-02   8.5325483e-02   1.6803723e-01   2.6416167e-01   4.4404648e-01
   3.6119922e-02   8.5495543e-02   1.6814884e-01   2.6426174e-01   4.4355873e-01
   3.6213429e-02   8.5665581e-02   1.6826001e-01   2.6436184e-01   4.4307152e-01
   3.6307179e-02   8.5835599e-02   1.6837075e-01   2.6446198e-01   4.4258485e-01
   3.6401172e-02   8.6005596e-02   1.6848106e-01   2.6456215e-01   4.4209871e-01
   3.6495408e-02   8.6175572e-02   1.6859094e-01   2.6466237e-01   4.4161310e-01
   3.6589887e-02   8.6345527e-02   1.6870039e-01   2.6476262e-01   4.4112803e-01
   3.6684612e-02   8.6515461e-02   1.6880942e-01   2.6486291e-01   4.4064349e-01
   3.6779581e-02   8.6685374e-02   1.6891803e-01   2.6496323e-01   4.4015949e-01
   3.6874797e-02   8.6855267e-02   1.6902621e-01   2.6506360e-01   4.3967601e-01
   3.6970259e-02   8.7025140e-02   1.6913398e-01   2.6516400e-01   4.3919307e-01
   3.7065968e-02   8.7194992e-02   1.6924133e-01   2.6526444e-01   4.3871065e-01
   3.7161924e-02   8.7364823e-02   1.6934827e-01   2.6536492e-01   4.3822877e-01
   3.7258130e-02   8.7534635e-02   1.6945479e-01   2.6546544e-01   4.3774741e-01
   3.7354584e-02   8.7704426e-02   1.6956090e-01   2.6556599e-01   4.3726659e-01
   3.7451288e-02   8.7874197e-02   1.6966661e-01   2.6566659e-01   4.3678629e-01
   3.7548242e-02   8.8043948e-02   1.6977191e-01   2.6576722e-01   4.3630652e-01
   3.7645447e-02   8.8213680e-02   1.6987681e-01   2.6586789e-01   4.3582728e-01
   3.7742904e-02   8.8383391e-02   1.6998130e-01   2.6596859e-01   4.3534856e-01
   3.7840614e-02   8.8553083e-02   1.7008539e-01   2.6606934e-01   4.3487037e-01
   3.7938576e-02   8.8722755e-02   1.7018909e-01   2.6617012e-01   4.3439271e-01
   3.8036792e-02   8.8892407e-02   1.7029238e-01   2.6627094e-01   4.3391557e-01
   3.8135262e-02   8.9062040e-02   1.7039529e-01   2.6637180e-01   4.3343895e-01
   3.8233986e-02   8.9231653e-02   1.7049780e-01   2.6647270e-01   4.3296286e-01
   3.8332967e-02   8.9401247e-02   1.7059992e-01   2.6657364e-01   4.3248729e-01
   3.8432204e-02   8.9570822e-02   1.7070165e-01   2.6667461e-01   4.3201224e-01
   3.8531697e-02   8.9740378e-02   1.7080300e-01   2.6677562e-01   4.3153772e-01
   3.8631449e-02   8.9909915e-02   1.7090396e-01   2.6687667e-01   4.3106371e-01
   3.8731458e-02   9.0079432e-02   1.7100454e-01   2.6697776e-01   4.3059023e-01
   3.8831726e-02   9.0248931e-02   1.7110473e-01   2.6707889e-01   4.3011727e-01
   3.8932254e-02   9.0418411e-02   1.7120455e-01   2.6718005e-01   4.2964482e-01
   3.9033043e-02   9.0587872e-02   1.7130399e-01   2.6728125e-01   4.2917290e-01
   3.9134092e-02   9.0757314e-02   1.7140305e-01   2.6738250e-01   4.2870149e-01
   3.9235402e-02   9.0926738e-02   1.7150175e-01   2.6748377e-01   4.2823061e-01
   3.9336975e-02   9.1096143e-02   1.7160007e-01   2.6758509e-01   4.2776024e-01
   3.9438811e-02   9.1265530e-02   1.7169801e-01   2.6768645e-01   4.2729038e-01
   3.9540911e-02   9.1434898e-02   1.7179560e-01   2.6778784e-01   4.2682104e-01
   3.9643275e-02   9.1604249e-02   1.7189281e-01   2.6788928e-01   4.2635222e-01
   3.9745903e-02   9.1773581e-02   1.7198966e-01   2.6799075e-01   4.2588391e-01
   3.9848798e-02   9.1942895e-02   1.7208615e-01   2.6809226e-01   4.2541612e-01
   3.9951959e-02   9.2112191e-02   1.7218228e-01   2.6819381e-01   4.2494884e-01
   4.0055387e-02   9.2281469e-02   1.7227804e-01   2.6829539e-01   4.2448207e-01
   4.0159083e-02   9.2450729e-02   1.7237345e-01   2.6839702e-01   4.2401582e-01
   4.0263047e-02   9.2619971e-02   1.7246851e-01   2.6849868e-01   4.2355008e-01
   4.0367280e-02   9.2789196e-02   1.7256321e-01   2.6860038e-01   4.2308485e-01
   4.0471783e-02   9.2958403e-02   1.7265756e-01   2.6870212e-01   4.2262013e-01
   4.0576557e-02   9.3127593e-02   1.7275156e-01   2.6880390e-01   4.2215592e-01
   4.0681602e-02   9.3296765e-02   1.7284521e-01   2.6890572e-01   4.2169223e-01
   4.0786919e-02   9.3465919e-02   1.7293851e-01   2.6900757e-01   4.2122904e-01
   4.0892508e-02   9.3635057e-02   1.7303147e-01   2.6910947e-01   4.2076636e-01
   4.0998371e-02   9.3804177e-02   1.7312408e-01   2.6921140e-01   4.2030419e-01
   4.1104508e-02   9.3973280e-02   1.7321635e-01   2.6931337e-01   4.1984252e-01
   4.1210920e-02   9.4142367e-02   1.7330829e-01   2.6941538e-01   4.1938136e-01
   4.1317607e-02   9.4311436e-02   1.7339988e-01   2.6951743e-01   4.1892071e-01
   4.1424570e-02   9.4480488e-02   1.7349114e-01   2.6961952e-01   4.1846057e-01
   4.1531810e-02   9.4649524e-02   1.7358206e-01   2.6972165e-01   4.1800093e-01
   4.1639328e-02   9.4818543e-02   1.7367265e-01   2.6982381e-01   4.1754180e-01
   4.1747124e-02   9.4987545e-02   1.7376290e-01   2.6992601e-01   4.1708317e-01
   4.1855200e-02   9.5156531e-02   1.7385283e-01   2.7002826e-01   4.1662504e-01
   4.1963555e-02   9.5325500e-02   1.7394242e-01   2.7013054e-01   4.1616742e-01
   4.2072190e-02   9.5494453e-02   1.7403169e-01   2.7023286e-01   4.1571030e-01
   4.2181107e-02   9.5663390e-02   1.7412064e-01   2.7033522e-01   4.1525368e-01
   4.2290306e-02   9.5832310e-02   1.7420926e-01   2.7043761e-01   4.1479756e-01
   4.2399787e-02   9.6001214e-02   1.7429756e-01   2.7054005e-01   4.1434195e-01
   4.2509552e-02   9.6170102e-02   1.7438554e-01   2.7064252e-01   4.1388683e-01
   4.2619601e-02   9.6338975e-02   1.7447320e-01   2.7074504e-01   4.1343222e-01
   4.2729935e-02   9.6507831e-02   1.7456054e-01   2.7084759e-01   4.1297810e-01
   4.2840555e-02   9.6676672e-02   1.7464756e-01   2.7095018e-01   4.1252449e-01
   4.2951461e-02   9.6845497e-02   1.7473427e-01   2.7105281e-01   4.1207137e-01
   4.3062654e-02   9.7014306e-02   1.7482067e-01   2.7115548e-01   4.1161875e-01
   4.3174135e-02   9.7183099e-02   1.7490676e-01   2.7125818e-01   4.1116662e-01
   4.3285904e-02   9.7351878e-02   1.7499254e-01   2.7136093e-01   4.1071500e-01
   4.3397963e-02   9.7520640e-02   1.7507801e-01   2.7146372e-01   4.1026387e-01
   4.3510312e-02   9.7689388e-02   1.7516317e-01   2.7156654e-01   4.0981323e-01
   4.3622952e-02   9.7858120e-02   1.7524803e-01   2.7166940e-01   4.0936309e-01
   4.3735883e-02   9.8026837e-02   1.7533258e-01   2.7177231e-01   4.0891345e-01
   4.3849107e-02   9.8195539e-02   1.7541683e-01   2.7187525e-01   4.0846429e-01
   4.3962624e-02   9.8364226e-02   1.7550078e-01   2.7197823e-01   4.0801563e-01
   4.4076435e-02   9.8532898e-02   1.7558443e-01   2.7208125e-01   4.0756747e-01
   4.4190540e-02   9.8701556e-02   1.7566779e-01   2.7218430e-01   4.0711980e-01
   4.4304941e-02   9.8870198e-02   1.7575084e-01   2.7228740e-01   4.0667261e-01
   4.4419638e-02   9.9038826e-02   1.7583361e-01   2.7239054e-01   4.0622592e-01
   4.4534631e-02   9.9207440e-02   1.7591608e-01   2.7249371e-01   4.0577972e-01
   4.4649923e-02   9.9376038e-02   1.7599825e-01   2.7259693e-01   4.0533401e-01
   4.4765513e-02   9.9544623e-02   1.7608014e-01   2.7270018e-01   4.0488879e-01
   4.4881402e-02   9.9713193e-02   1.7616174e-01   2.7280347e-01   4.0444406e-01
   4.4997592e-02   9.9881749e-02   1.7624305e-01   2.7290680e-01   4.0399982e-01
   4.5114082e-02   1.0005029e-01   1.7632407e-01   2.7301017e-01   4.0355606e-01
   4.5230873e-02   1.0021882e-01   1.7640481e-01   2.7311358e-01   4.0311280e-01
   4.5347967e-02   1.0038733e-01   1.7648527e-01   2.7321703e-01   4.0267002e-01
   4.5465364e-02   1.0055583e-01   1.7656544e-01   2.7332052e-01   4.0222772e-01
   4.5583066e-02   1.0072432e-01   1.7664534e-01   2.7342405e-01   4.0178591e-01
   4.5701071e-02   1.0089279e-01   1.7672495e-01   2.7352761e-01   4.0134459e-01
   4.5819383e-02   1.0106125e-01   1.7680429e-01   2.7363122e-01   4.0090375e-01
   4.5938000e-02   1.0122969e-01   1.7688335e-01   2.7373487e-01   4.0046340e-01
   4.6056925e-02   1.0139812e-01   1.7696213e-01   2.7383855e-01   4.0002353e-01
   4.6176157e-02   1.0156654e-01   1.7704064e-01   2.7394227e-01   3.9958414e-01
   4.6295698e-02   1.0173494e-01   1.7711888e-01   2.7404604e-01   3.9914524e-01
   4.6415549e-02   1.0190334e-01   1.7719685e-01   2.7414984e-01   3.9870682e-01
   4.6535710e-02   1.0207171e-01   1.7727455e-01   2.7425368e-01   3.9826887e-01
   4.6656182e-02   1.0224008e-01   1.7735198e-01   2.7435756e-01   3.9783142e-01
   4.6776966e-02   1.0240843e-01   1.7742914e-01   2.7446148e-01   3.9739444e-01
   4.6898062e-02   1.0257677e-01   1.7750603e-01   2.7456544e-01   3.9695794e-01
   4.7019472e-02   1.0274509e-01   1.7758267e-01   2.7466944e-01   3.9652192e-01
   4.7141196e-02   1.0291341e-01   1.7765904e-01   2.7477348e-01   3.9608638e-01
   4.7263236e-02   1.0308171e-01   1.7773514e-01   2.7487755e-01   3.9565131e-01
   4.7385591e-02   1.0324999e-01   1.7781099e-01   2.7498167e-01   3.9521673e-01
   4.7508263e-02   1.0341827e-01   1.7788658e-01   2.7508583e-01   3.9478262e-01
   4.7631253e-02   1.0358653e-01   1.7796191e-01   2.7519002e-01   3.9434899e-01
   4.7754561e-02   1.0375478e-01   1.7803698e-01   2.7529426e-01   3.9391584e-01
   4.7878189e-02   1.0392302e-01   1.7811180e-01   2.7539853e-01   3.9348316e-01
   4.8002136e-02   1.0409125e-01   1.7818636e-01   2.7550285e-01   3.9305096e-01
   4.8126404e-02   1.0425946e-01   1.7826067e-01   2.7560720e-01   3.9261923e-01
   4.8250994e-02   1.0442766e-01   1.7833473e-01   2.7571159e-01   3.9218797e-01
   4.8375907e-02   1.0459585e-01   1.7840854e-01   2.7581603e-01   3.9175719e-01
   4.8501142e-02   1.0476403e-01   1.7848209e-01   2.7592050e-01   3.9132689e-01
   4.8626703e-02   1.0493219e-01   1.7855540e-01   2.7602501e-01   3.9089705e-01
   4.8752588e-02   1.0510035e-01   1.7862847e-01   2.7612956e-01   3.9046769e-01
   4.8878799e-02   1.0526849e-01   1.7870129e-01   2.7623415e-01   3.9003880e-01
   4.9005336e-02   1.0543662e-01   1.7877386e-01   2.7633879e-01   3.8961038e-01
   4.9132202e-02   1.0560474e-01   1.7884619e-01   2.7644346e-01   3.8918243e-01
   4.9259396e-02   1.0577284e-01   1.7891828e-01   2.7654817e-01   3.8875495e-01
   4.9386919e-02   1.0594094e-01   1.7899013e-01   2.7665292e-01   3.8832794e-01
   4.9514772e-02   1.0610902e-01   1.7906174e-01   2.7675770e-01   3.8790140e-01
   4.9642956e-02   1.0627710e-01   1.7913311e-01   2.7686253e-01   3.8747533e-01
   4.9771472e-02   1.0644516e-01   1.7920424e-01   2.7696740e-01   3.8704972e-01
   4.9900321e-02   1.0661321e-01   1.7927514e-01   2.7707231e-01   3.8662459e-01
   5.0029503e-02   1.0678125e-01   1.7934580e-01   2.7717726e-01   3.8619992e-01
   5.0159020e-02   1.0694928e-01   1.7941623e-01   2.7728225e-01   3.8577571e-01
   5.0288872e-02   1.0711730e-01   1.7948643e-01   2.7738727e-01   3.8535198e-01
   5.0419060e-02   1.0728531e-01   1.7955639e-01   2.7749234e-01   3.8492871e-01
   5.0549585e-02   1.0745331e-01   1.7962613e-01   2.7759745e-01   3.8450590e-01
   5.0680448e-02   1.0762129e-01   1.7969563e-01   2.7770260e-01   3.8408356e-01
   5.0811650e-02   1.0778927e-01   1.7976491e-01   2.7780778e-01   3.8366168e-01
   5.0943192e-02   1.0795723e-01   1.7983396e-01   2.7791301e-01   3.8324026e-01
   5.1075074e-02   1.0812519e-01   1.7990279e-01   2.7801828e-01   3.8281931e-01
   5.1207297e-02   1.0829313e-01   1.7997139e-01   2.7812358e-01   3.8239882e-01
   5.1339863e-02   1.0846107e-01   1.8003976e-01   2.7822893e-01   3.8197879e-01
   5.1472772e-02   1.0862899e-01   1.8010792e-01   2.7833432e-01   3.8155923e-01
   5.1606025e-02   1.0879691e-01   1.8017585e-01   2.7843974e-01   3.8114012e-01
   5.1739623e-02   1.0896481e-01   1.8024357e-01   2.7854521e-01   3.8072148e-01
   5.1873567e-02   1.0913271e-01   1.8031106e-01   2.7865071e-01   3.8030329e-01
   5.2007857e-02   1.0930059e-01   1.8037834e-01   2.7875626e-01   3.7988556e-01
   5.2142496e-02   1.0946847e-01   1.8044539e-01   2.7886185e-01   3.7946830e-01
   5.2277483e-02   1.0963634e-01   1.8051224e-01   2.7896747e-01   3.7905149e-01
   5.2412819e-02   1.0980419e-01   1.8057887e-01   2.7907314e-01   3.7863514e-01
   5.2548506e-02   1.0997204e-01   1.8064528e-01   2.7917884e-01   3.7821924e-01
   5.2684543e-02   1.1013988e-01   1.8071148e-01   2.7928459e-01   3.7780381e-01
   5.2820934e-02   1.1030771e-01   1.8077747e-01   2.7939038e-01   3.7738883e-01
   5.2957677e-02   1.1047552e-01   1.8084325e-01   2.7949620e-01   3.7697430e-01
   5.3094774e-02   1.1064333e-01   1.8090882e-01   2.7960207e-01   3.7656023e-01
   5.3232226e-02   1.1081113e-01   1.8097418e-01   2.7970798e-01   3.7614662e-01
   5.3370034e-02   1.1097893e-01   1.8103934e-01   2.7981392e-01   3.7573346e-01
   5.3508199e-02   1.1114671e-01   1.8110429e-01   2.7991991e-01   3.7532075e-01
   5.3646721e-02   1.1131448e-01   1.8116903e-01   2.8002594e-01   3.7490850e-01
   5.3785602e-02   1.1148225e-01   1.8123357e-01   2.8013200e-01   3.7449669e-01
   5.3924842e-02   1.1165001e-01   1.8129790e-01   2.8023811e-01   3.7408535e-01
   5.4064443e-02   1.1181775e-01   1.8136203e-01   2.8034426e-01   3.7367445e-01
   5.4204406e-02   1.1198549e-01   1.8142596e-01   2.8045044e-01   3.7326401e-01
   5.4344731e-02   1.1215322e-01   1.8148969e-01   2.8055667e-01   3.7285401e-01
   5.4485419e-02   1.1232095e-01   1.8155322e-01   2.8066294e-01   3.7244447e-01
   5.4626471e-02   1.1248866e-01   1.8161656e-01   2.8076925e-01   3.7203537e-01
   5.4767888e-02   1.1265637e-01   1.8167969e-01   2.8087560e-01   3.7162673e-01
   5.4909672e-02   1.1282406e-01   1.8174263e-01   2.8098198e-01   3.7121853e-01
   5.5051822e-02   1.1299175e-01   1.8180537e-01   2.8108841e-01   3.7081079e-01
   5.5194341e-02   1.1315944e-01   1.8186792e-01   2.8119488e-01   3.7040349e-01
   5.5337228e-02   1.1332711e-01   1.8193028e-01   2.8130139e-01   3.6999663e-01
   5.5480485e-02   1.1349478e-01   1.8199244e-01   2.8140794e-01   3.6959023e-01
   5.5624114e-02   1.1366243e-01   1.8205441e-01   2.8151453e-01   3.6918427e-01
   5.5768114e-02   1.1383009e-01   1.8211619e-01   2.8162116e-01   3.6877876e-01
   5.5912487e-02   1.1399773e-01   1.8217778e-01   2.8172783e-01   3.6837369e-01
   5.6057233e-02   1.1416536e-01   1.8223918e-01   2.8183455e-01   3.6796907e-01
   5.6202355e-02   1.1433299e-01   1.8230040e-01   2.8194130e-01   3.6756489e-01
   5.6347852e-02   1.1450061e-01   1.8236142e-01   2.8204809e-01   3.6716115e-01
   5.6493725e-02   1.1466823e-01   1.8242226e-01   2.8215492e-01   3.6675786e-01
   5.6639977e-02   1.1483583e-01   1.8248292e-01   2.8226180e-01   3.6635502e-01
   5.6786607e-02   1.1500343e-01   1.8254339e-01   2.8236871e-01   3.6595261e-01
   5.6933616e-02   1.1517103e-01   1.8260368e-01   2.8247566e-01   3.6555065e-01
   5.7081006e-02   1.1533861e-01   1.8266378e-01   2.8258266e-01   3.6514912e-01
   5.7228778e-02   1.1550619e-01   1.8272371e-01   2.8268969e-01   3.6474804e-01
   5.7376932e-02   1.1567376e-01   1.8278345e-01   2.8279677e-01   3.6434740e-01
   5.7525470e-02   1.1584133e-01   1.8284301e-01   2.8290389e-01   3.6394720e-01
   5.7674392e-02   1.1600888e-01   1.8290240e-01   2.8301104e-01   3.6354744e-01
   5.7823700e-02   1.1617644e-01   1.8296161e-01   2.8311824e-01   3.6314812e-01
   5.7973394e-02   1.1634398e-01   1.8302064e-01   2.8322548e-01   3.6274924e-01
   5.8123476e-02   1.1651152e-01   1.8307949e-01   2.8333276e-01   3.6235079e-01
   5.8273947e-02   1.1667905e-01   1.8313817e-01   2.8344008e-01   3.6195279e-01
   5.8424807e-02   1.1684658e-01   1.8319668e-01   2.8354744e-01   3.6155522e-01
   5.8576057e-02   1.1701410e-01   1.8325501e-01   2.8365484e-01   3.6115808e-01
   5.8727699e-02   1.1718161e-01   1.8331316e-01   2.8376228e-01   3.6076139e-01
   5.8879734e-02   1.1734912e-01   1.8337115e-01   2.8386976e-01   3.6036513e-01
   5.9032162e-02   1.1751662e-01   1.8342897e-01   2.8397729e-01   3.5996930e-01
   5.9184985e-02   1.1768412e-01   1.8348661e-01   2.8408485e-01   3.5957391e-01
   5.9338203e-02   1.1785161e-01   1.8354409e-01   2.8419245e-01   3.5917895e-01
   5.9491819e-02   1.1801909e-01   1.8360140e-01   2.8430010e-01   3.5878443e-01
   5.9645831e-02   1.1818657e-01   1.8365854e-01   2.8440778e-01   3.5839034e-01
   5.9800243e-02   1.1835404e-01   1.8371551e-01   2.8451551e-01   3.5799668e-01
   5.9955054e-02   1.1852151e-01   1.8377232e-01   2.8462328e-01   3.5760346e-01
   6.0110266e-02   1.1868897e-01   1.8382896e-01   2.8473109e-01   3.5721066e-01
   6.0265880e-02   1.1885643e-01   1.8388544e-01   2.8483894e-01   3.5681830e-01
   6.0421897e-02   1.1902388e-01   1.8394175e-01   2.8494682e-01   3.5642637e-01
   6.0578317e-02   1.1919133e-01   1.8399790e-01   2.8505476e-01   3.5603487e-01
   6.0735143e-02   1.1935877e-01   1.8405389e-01   2.8516273e-01   3.5564380e-01
   6.0892374e-02   1.1952621e-01   1.8410972e-01   2.8527074e-01   3.5525316e-01
   6.1050013e-02   1.1969364e-01   1.8416539e-01   2.8537879e-01   3.5486295e-01
   6.1208060e-02   1.1986107e-01   1.8422090e-01   2.8548689e-01   3.5447317e-01
   6.1366515e-02   1.2002849e-01   1.8427625e-01   2.8559502e-01   3.5408382e-01
   6.1525382e-02   1.2019590e-01   1.8433144e-01   2.8570320e-01   3.5369489e-01
   6.1684659e-02   1.2036332e-01   1.8438648e-01   2.8581142e-01   3.5330639e-01
   6.1844348e-02   1.2053073e-01   1.8444136e-01   2.8591967e-01   3.5291832e-01
   6.2004452e-02   1.2069813e-01   1.8449608e-01   2.8602797e-01   3.5253067e-01
   6.2164969e-02   1.2086553e-01   1.8455065e-01   2.8613631e-01   3.5214345e-01
   6.2325902e-02   1.2103292e-01   1.8460507e-01   2.8624470e-01   3.5175666e-01
   6.2487252e-02   1.2120031e-01   1.8465933e-01   2.8635312e-01   3.5137028e-01
   6.2649019e-02   1.2136770e-01   1.8471344e-01   2.8646158e-01   3.5098434e-01
   6.2811205e-02   1.2153508e-01   1.8476740e-01   2.8657009e-01   3.5059882e-01
   6.2973811e-02   1.2170246e-01   1.8482120e-01   2.8667863e-01   3.5021372e-01
   6.3136838e-02   1.2186983e-01   1.8487486e-01   2.8678722e-01   3.4982904e-01
   6.3300288e-02   1.2203720e-01   1.8492837e-01   2.8689585e-01   3.4944479e-01
   6.3464160e-02   1.2220457e-01   1.8498173e-01   2.8700452e-01   3.4906096e-01
   6.3628456e-02   1.2237193e-01   1.8503494e-01   2.8711323e-01   3.4867755e-01
   6.3793178e-02   1.2253929e-01   1.8508800e-01   2.8722198e-01   3.4829456e-01
   6.3958326e-02   1.2270665e-01   1.8514092e-01   2.8733077e-01   3.4791199e-01
   6.4123902e-02   1.2287400e-01   1.8519369e-01   2.8743960e-01   3.4752985e-01
   6.4289906e-02   1.2304135e-01   1.8524631e-01   2.8754848e-01   3.4714812e-01
   6.4456340e-02   1.2320869e-01   1.8529879e-01   2.8765739e-01   3.4676681e-01
   6.4623205e-02   1.2337604e-01   1.8535113e-01   2.8776635e-01   3.4638592e-01
   6.4790502e-02   1.2354337e-01   1.8540333e-01   2.8787535e-01   3.4600545e-01
   6.4958232e-02   1.2371071e-01   1.8545538e-01   2.8798439e-01   3.4562539e-01
   6.5126397e-02   1.2387804e-01   1.8550729e-01   2.8809347e-01   3.4524576e-01
   6.5294996e-02   1.2404537e-01   1.8555906e-01   2.8820259e-01   3.4486654e-01
   6.5464032e-02   1.2421270e-01   1.8561069e-01   2.8831176e-01   3.4448774e-01
   6.5633506e-02   1.2438002e-01   1.8566218e-01   2.8842096e-01   3.4410935e-01
   6.5803419e-02   1.2454735e-01   1.8571353e-01   2.8853021e-01   3.4373138e-01
   6.5973771e-02   1.2471466e-01   1.8576475e-01   2.8863950e-01   3.4335383e-01
   6.6144564e-02   1.2488198e-01   1.8581583e-01   2.8874883e-01   3.4297668e-01
   6.6315800e-02   1.2504929e-01   1.8586677e-01   2.8885820e-01   3.4259996e-01
   6.6487478e-02   1.2521660e-01   1.8591757e-01   2.8896761e-01   3.4222365e-01
   6.6659602e-02   1.2538391e-01   1.8596824e-01   2.8907706e-01   3.4184775e-01
   6.6832170e-02   1.2555122e-01   1.8601877e-01   2.8918656e-01   3.4147226e-01
   6.7005186e-02   1.2571852e-01   1.8606918e-01   2.8929610e-01   3.4109719e-01
   6.7178650e-02   1.2588583e-01   1.8611944e-01   2.8940568e-01   3.4072252e-01
   6.7352562e-02   1.2605313e-01   1.8616958e-01   2.8951529e-01   3.4034827e-01
   6.7526925e-02   1.2622043e-01   1.8621958e-01   2.8962496e-01   3.3997443e-01
   6.7701739e-02   1.2638772e-01   1.8626945e-01   2.8973466e-01   3.3960100e-01
   6.7877006e-02   1.2655502e-01   1.8631919e-01   2.8984440e-01   3.3922799e-01
   6.8052726e-02   1.2672231e-01   1.8636880e-01   2.8995419e-01   3.3885538e-01
   6.8228901e-02   1.2688960e-01   1.8641829e-01   2.9006402e-01   3.3848318e-01
   6.8405533e-02   1.2705689e-01   1.8646764e-01   2.9017389e-01   3.3811139e-01
   6.8582622e-02   1.2722418e-01   1.8651686e-01   2.9028380e-01   3.3774000e-01
   6.8760169e-02   1.2739146e-01   1.8656596e-01   2.9039375e-01   3.3736903e-01
   6.8938175e-02   1.2755875e-01   1.8661493e-01   2.9050374e-01   3.3699846e-01
   6.9116643e-02   1.2772603e-01   1.8666378e-01   2.9061378e-01   3.3662830e-01
   6.9295573e-02   1.2789332e-01   1.8671250e-01   2.9072385e-01   3.3625855e-01
   6.9474965e-02   1.2806060e-01   1.8676109e-01   2.9083397e-01   3.3588920e-01
   6.9654823e-02   1.2822788e-01   1.8680956e-01   2.9094413e-01   3.3552026e-01
   6.9835146e-02   1.2839516e-01   1.8685791e-01   2.9105434e-01   3.3515172e-01
   7.0015935e-02   1.2856244e-01   1.8690613e-01   2.9116458e-01   3.3478359e-01
   7.0197193e-02   1.2872972e-01   1.8695423e-01   2.9127487e-01   3.3441587e-01
   7.0378920e-02   1.2889699e-01   1.8700221e-01   2.9138519e-01   3.3404854e-01
   7.0561117e-02   1.2906427e-01   1.8705007e-01   2.9149556e-01   3.3368162e-01
   7.0743786e-02   1.2923154e-01   1.8709781e-01   2.9160598e-01   3.3331511e-01
   7.0926928e-02   1.2939882e-01   1.8714543e-01   2.9171643e-01   3.3294899e-01
   7.1110544e-02   1.2956609e-01   1.8719292e-01   2.9182692e-01   3.3258328e-01
   7.1294636e-02   1.2973337e-01   1.8724030e-01   2.9193746e-01   3.3221797e-01
   7.1479204e-02   1.2990064e-01   1.8728756e-01   2.9204804e-01   3.3185306e-01
   7.1664250e-02   1.3006792e-01   1.8733471e-01   2.9215866e-01   3.3148855e-01
   7.1849775e-02   1.3023519e-01   1.8738173e-01   2.9226932e-01   3.3112444e-01
   7.2035780e-02   1.3040246e-01   1.8742864e-01   2.9238003e-01   3.3076074e-01
   7.2222266e-02   1.3056974e-01   1.8747544e-01   2.9249077e-01   3.3039743e-01
   7.2409236e-02   1.3073701e-01   1.8752212e-01   2.9260156e-01   3.3003452e-01
   7.2596689e-02   1.3090429e-01   1.8756868e-01   2.9271239e-01   3.2967201e-01
   7.2784628e-02   1.3107156e-01   1.8761513e-01   2.9282326e-01   3.2930989e-01
   7.2973053e-02   1.3123884e-01   1.8766147e-01   2.9293418e-01   3.2894818e-01
   7.3161967e-02   1.3140611e-01   1.8770769e-01   2.9304513e-01   3.2858686e-01
   7.3351369e-02   1.3157339e-01   1.8775380e-01   2.9315613e-01   3.2822594e-01
   7.3541261e-02   1.3174066e-01   1.8779980e-01   2.9326717e-01   3.2786542e-01
   7.3731645e-02   1.3190794e-01   1.8784569e-01   2.9337825e-01   3.2750529e-01
   7.3922522e-02   1.3207521e-01   1.8789147e-01   2.9348938e-01   3.2714556e-01
   7.4113893e-02   1.3224249e-01   1.8793714e-01   2.9360054e-01   3.2678622e-01
   7.4305760e-02   1.3240977e-01   1.8798269e-01   2.9371175e-01   3.2642728e-01
   7.4498123e-02   1.3257705e-01   1.8802814e-01   2.9382300e-01   3.2606873e-01
   7.4690984e-02   1.3274433e-01   1.8807348e-01   2.9393430e-01   3.2571057e-01
   7.4884345e-02   1.3291161e-01   1.8811872e-01   2.9404563e-01   3.2535281e-01
   7.5078206e-02   1.3307890e-01   1.8816384e-01   2.9415701e-01   3.2499544e-01
   7.5272569e-02   1.3324618e-01   1.8820886e-01   2.9426843e-01   3.2463847e-01
   7.5467435e-02   1.3341346e-01   1.8825377e-01   2.9437989e-01   3.2428188e-01
   7.5662806e-02   1.3358075e-01   1.8829857e-01   2.9449139e-01   3.2392569e-01
   7.5858682e-02   1.3374804e-01   1.8834328e-01   2.9460294e-01   3.2356989e-01
   7.6055065e-02   1.3391533e-01   1.8838787e-01   2.9471453e-01   3.2321448e-01
   7.6251957e-02   1.3408262e-01   1.8843236e-01   2.9482616e-01   3.2285946e-01
   7.6449359e-02   1.3424991e-01   1.8847675e-01   2.9493783e-01   3.2250483e-01
   7.6647271e-02   1.3441721e-01   1.8852103e-01   2.9504955e-01   3.2215059e-01
   7.6845696e-02   1.3458450e-01   1.8856522e-01   2.9516130e-01   3.2179674e-01
   7.7044635e-02   1.3475180e-01   1.8860929e-01   2.9527310e-01   3.2144328e-01
   7.7244089e-02   1.3491910e-01   1.8865327e-01   2.9538495e-01   3.2109020e-01
   7.7444059e-02   1.3508640e-01   1.8869715e-01   2.9549683e-01   3.2073752e-01
   7.7644546e-02   1.3525371e-01   1.8874092e-01   2.9560876e-01   3.2038522e-01
   7.7845553e-02   1.3542101e-01   1.8878460e-01   2.9572073e-01   3.2003331e-01
   7.8047080e-02   1.3558832e-01   1.8882818e-01   2.9583274e-01   3.1968178e-01
   7.8249129e-02   1.3575563e-01   1.8887165e-01   2.9594479e-01   3.1933064e-01
   7.8451701e-02   1.3592295e-01   1.8891503e-01   2.9605689e-01   3.1897989e-01
   7.8654797e-02   1.3609026e-01   1.8895831e-01   2.9616903e-01   3.1862952e-01
   7.8858419e-02   1.3625758e-01   1.8900149e-01   2.9628121e-01   3.1827954e-01
   7.9062568e-02   1.3642490e-01   1.8904458e-01   2.9639343e-01   3.1792994e-01
   7.9267246e-02   1.3659223e-01   1.8908757e-01   2.9650570e-01   3.1758072e-01
   7.9472454e-02   1.3675955e-01   1.8913046e-01   2.9661801e-01   3.1723189e-01
   7.9678192e-02   1.3692688e-01   1.8917326e-01   2.9673036e-01   3.1688344e-01
   7.9884464e-02   1.3709421e-01   1.8921596e-01   2.9684275e-01   3.1653538e-01
   8.0091269e-02   1.3726155e-01   1.8925857e-01   2.9695519e-01   3.1618769e-01
   8.0298610e-02   1.3742889e-01   1.8930108e-01   2.9706767e-01   3.1584039e-01
   8.0506488e-02   1.3759623e-01   1.8934350e-01   2.9718019e-01   3.1549347e-01
   8.0714903e-02   1.3776357e-01   1.8938582e-01   2.9729276e-01   3.1514693e-01
   8.0923859e-02   1.3793092e-01   1.8942805e-01   2.9740536e-01   3.1480077e-01
   8.1133355e-02   1.3809827e-01   1.8947019e-01   2.9751801e-01   3.1445500e-01
   8.1343393e-02   1.3826563e-01   1.8951224e-01   2.9763071e-01   3.1410960e-01
   8.1553976e-02   1.3843298e-01   1.8955420e-01   2.9774344e-01   3.1376458e-01
   8.1765103e-02   1.3860035e-01   1.8959606e-01   2.9785622e-01   3.1341994e-01
   8.1976777e-02   1.3876771e-01   1.8963784e-01   2.9796904e-01   3.1307568e-01
   8.2188999e-02   1.3893508e-01   1.8967952e-01   2.9808190e-01   3.1273180e-01
   8.2401771e-02   1.3910245e-01   1.8972112e-01   2.9819481e-01   3.1238829e-01
   8.2615093e-02   1.3926983e-01   1.8976263e-01   2.9830776e-01   3.1204516e-01
   8.2828967e-02   1.3943721e-01   1.8980404e-01   2.9842075e-01   3.1170241e-01
   8.3043395e-02   1.3960460e-01   1.8984537e-01   2.9853378e-01   3.1136004e-01
   8.3258379e-02   1.3977198e-01   1.8988661e-01   2.9864686e-01   3.1101804e-01
   8.3473919e-02   1.3993938e-01   1.8992777e-01   2.9875998e-01   3.1067641e-01
   8.3690016e-02   1.4010678e-01   1.8996883e-01   2.9887314e-01   3.1033517e-01
   8.3906674e-02   1.4027418e-01   1.9000981e-01   2.9898635e-01   3.0999429e-01
   8.4123892e-02   1.4044158e-01   1.9005071e-01   2.9909960e-01   3.0965380e-01
   8.4341672e-02   1.4060899e-01   1.9009152e-01   2.9921289e-01   3.0931367e-01
   8.4560016e-02   1.4077641e-01   1.9013224e-01   2.9932622e-01   3.0897392e-01
   8.4778926e-02   1.4094383e-01   1.9017288e-01   2.9943960e-01   3.0863454e-01
   8.4998402e-02   1.4111125e-01   1.9021343e-01   2.9955302e-01   3.0829554e-01
   8.5218447e-02   1.4127868e-01   1.9025390e-01   2.9966648e-01   3.0795690e-01
   8.5439061e-02   1.4144612e-01   1.9029429e-01   2.9977999e-01   3.0761864e-01
   8.5660246e-02   1.4161355e-01   1.9033459e-01   2.9989354e-01   3.0728075e-01
   8.5882004e-02   1.4178100e-01   1.9037481e-01   3.0000713e-01   3.0694324e-01
   8.6104336e-02   1.4194845e-01   1.9041495e-01   3.0012077e-01   3.0660609e-01
   8.6327243e-02   1.4211590e-01   1.9045501e-01   3.0023445e-01   3.0626931e-01
   8.6550728e-02   1.4228336e-01   1.9049498e-01   3.0034817e-01   3.0593291e-01
   8.6774791e-02   1.4245082e-01   1.9053488e-01   3.0046193e-01   3.0559687e-01
   8.6999434e-02   1.4261829e-01   1.9057469e-01   3.0057574e-01   3.0526120e-01
   8.7224658e-02   1.4278577e-01   1.9061442e-01   3.0068959e-01   3.0492590e-01
   8.7450466e-02   1.4295325e-01   1.9065408e-01   3.0080348e-01   3.0459097e-01
   8.7676859e-02   1.4312074e-01   1.9069365e-01   3.0091742e-01   3.0425640e-01
   8.7903837e-02   1.4328823e-01   1.9073315e-01   3.0103140e-01   3.0392221e-01
   8.8131403e-02   1.4345573e-01   1.9077256e-01   3.0114542e-01   3.0358838e-01
   8.8359558e-02   1.4362323e-01   1.9081190e-01   3.0125949e-01   3.0325492e-01
   8.8588304e-02   1.4379074e-01   1.9085116e-01   3.0137360e-01   3.0292182e-01
   8.8817642e-02   1.4395825e-01   1.9089035e-01   3.0148775e-01   3.0258909e-01
   8.9047574e-02   1.4412578e-01   1.9092945e-01   3.0160195e-01   3.0225673e-01
   8.9278101e-02   1.4429330e-01   1.9096848e-01   3.0171619e-01   3.0192473e-01
   8.9509224e-02   1.4446084e-01   1.9100744e-01   3.0183047e-01   3.0159309e-01
   8.9740946e-02   1.4462838e-01   1.9104631e-01   3.0194480e-01   3.0126182e-01
   8.9973268e-02   1.4479592e-01   1.9108511e-01   3.0205916e-01   3.0093091e-01
   9.0206192e-02   1.4496348e-01   1.9112384e-01   3.0217358e-01   3.0060037e-01
   9.0439718e-02   1.4513103e-01   1.9116249e-01   3.0228803e-01   3.0027019e-01
   9.0673849e-02   1.4529860e-01   1.9120107e-01   3.0240253e-01   2.9994037e-01
   9.0908586e-02   1.4546617e-01   1.9123957e-01   3.0251707e-01   2.9961092e-01
   9.1143931e-02   1.4563375e-01   1.9127800e-01   3.0263166e-01   2.9928183e-01
   9.1379885e-02   1.4580134e-01   1.9131636e-01   3.0274629e-01   2.9895309e-01
   9.1616450e-02   1.4596893e-01   1.9135465e-01   3.0286096e-01   2.9862472e-01
   9.1853627e-02   1.4613653e-01   1.9139286e-01   3.0297568e-01   2.9829671e-01
   9.2091418e-02   1.4630413e-01   1.9143100e-01   3.0309044e-01   2.9796906e-01
   9.2329825e-02   1.4647175e-01   1.9146906e-01   3.0320524e-01   2.9764177e-01
   9.2568849e-02   1.4663937e-01   1.9150706e-01   3.0332009e-01   2.9731484e-01
   9.2808492e-02   1.4680699e-01   1.9154499e-01   3.0343498e-01   2.9698827e-01
   9.3048755e-02   1.4697463e-01   1.9158284e-01   3.0354991e-01   2.9666206e-01
   9.3289640e-02   1.4714227e-01   1.9162063e-01   3.0366489e-01   2.9633620e-01
   9.3531149e-02   1.4730992e-01   1.9165834e-01   3.0377991e-01   2.9601071e-01
   9.3773283e-02   1.4747758e-01   1.9169598e-01   3.0389497e-01   2.9568557e-01
   9.4016044e-02   1.4764524e-01   1.9173356e-01   3.0401008e-01   2.9536079e-01
   9.4259433e-02   1.4781291e-01   1.9177107e-01   3.0412523e-01   2.9503636e-01
   9.4503453e-02   1.4798059e-01   1.9180851e-01   3.0424043e-01   2.9471229e-01
   9.4748104e-02   1.4814828e-01   1.9184588e-01   3.0435567e-01   2.9438858e-01
   9.4993388e-02   1.4831598e-01   1.9188318e-01   3.0447095e-01   2.9406522e-01
   9.5239308e-02   1.4848368e-01   1.9192041e-01   3.0458628e-01   2.9374222e-01
   9.5485864e-02   1.4865139e-01   1.9195758e-01   3.0470165e-01   2.9341957e-01
   9.5733059e-02   1.4881911e-01   1.9199468e-01   3.0481706e-01   2.9309728e-01
   9.5980893e-02   1.4898684e-01   1.9203171e-01   3.0493252e-01   2.9277534e-01
   9.6229369e-02   1.4915457e-01   1.9206868e-01   3.0504802e-01   2.9245376e-01
   9.6478488e-02   1.4932232e-01   1.9210559e-01   3.0516356e-01   2.9213252e-01
   9.6728252e-02   1.4949007e-01   1.9214242e-01   3.0527915e-01   2.9181165e-01
   9.6978663e-02   1.4965783e-01   1.9217919e-01   3.0539478e-01   2.9149112e-01
   9.7229722e-02   1.4982560e-01   1.9221590e-01   3.0551046e-01   2.9117094e-01
   9.7481431e-02   1.4999338e-01   1.9225254e-01   3.0562618e-01   2.9085112e-01
   9.7733791e-02   1.5016116e-01   1.9228912e-01   3.0574194e-01   2.9053165e-01
   9.7986805e-02   1.5032896e-01   1.9232564e-01   3.0585775e-01   2.9021253e-01
   9.8240474e-02   1.5049676e-01   1.9236209e-01   3.0597360e-01   2.8989376e-01
   9.8494800e-02   1.5066458e-01   1.9239848e-01   3.0608949e-01   2.8957534e-01
   9.8749784e-02   1.5083240e-01   1.9243480e-01   3.0620543e-01   2.8925727e-01
   9.9005428e-02   1.5100023e-01   1.9247106e-01   3.0632142e-01   2.8893955e-01
   9.9261734e-02   1.5116807e-01   1.9250726e-01   3.0643744e-01   2.8862217e-01
   9.9518703e-02   1.5133592e-01   1.9254340e-01   3.0655351e-01   2.8830515e-01
   9.9776338e-02   1.5150377e-01   1.9257948e-01   3.0666963e-01   2.8798848e-01
   1.0003464e-01   1.5167164e-01   1.9261549e-01   3.0678579e-01   2.8767215e-01
   1.0029361e-01   1.5183952e-01   1.9265145e-01   3.0690199e-01   2.8735617e-01
   1.0055325e-01   1.5200740e-01   1.9268734e-01   3.0701824e-01   2.8704054e-01
   1.0081356e-01   1.5217530e-01   1.9272318e-01   3.0713453e-01   2.8672525e-01
   1.0107455e-01   1.5234321e-01   1.9275895e-01   3.0725086e-01   2.8641031e-01
   1.0133621e-01   1.5251112e-01   1.9279466e-01   3.0736724e-01   2.8609572e-01
   1.0159855e-01   1.5267904e-01   1.9283032e-01   3.0748367e-01   2.8578147e-01
   1.0186157e-01   1.5284698e-01   1.9286591e-01   3.0760013e-01   2.8546757e-01
   1.0212527e-01   1.5301492e-01   1.9290145e-01   3.0771664e-01   2.8515401e-01
   1.0238965e-01   1.5318288e-01   1.9293693e-01   3.0783320e-01   2.8484079e-01
   1.0265472e-01   1.5335084e-01   1.9297235e-01   3.0794980e-01   2.8452792e-01
   1.0292047e-01   1.5351882e-01   1.9300771e-01   3.0806644e-01   2.8421540e-01
   1.0318692e-01   1.5368680e-01   1.9304302e-01   3.0818313e-01   2.8390321e-01
   1.0345405e-01   1.5385480e-01   1.9307826e-01   3.0829986e-01   2.8359137e-01
   1.0372187e-01   1.5402280e-01   1.9311345e-01   3.0841664e-01   2.8327988e-01
   1.0399038e-01   1.5419082e-01   1.9314859e-01   3.0853346e-01   2.8296872e-01
   1.0425960e-01   1.5435884e-01   1.9318366e-01   3.0865032e-01   2.8265791e-01
   1.0452950e-01   1.5452688e-01   1.9321868e-01   3.0876723e-01   2.8234744e-01
   1.0480011e-01   1.5469492e-01   1.9325365e-01   3.0888419e-01   2.8203730e-01
   1.0507142e-01   1.5486298e-01   1.9328856e-01   3.0900118e-01   2.8172751e-01
   1.0534343e-01   1.5503105e-01   1.9332341e-01   3.0911823e-01   2.8141806e-01
   1.0561614e-01   1.5519913e-01   1.9335821e-01   3.0923531e-01   2.8110895e-01
   1.0588956e-01   1.5536722e-01   1.9339296e-01   3.0935244e-01   2.8080018e-01
   1.0616369e-01   1.5553532e-01   1.9342765e-01   3.0946962e-01   2.8049175e-01
   1.0643853e-01   1.5570343e-01   1.9346228e-01   3.0958684e-01   2.8018366e-01
   1.0671407e-01   1.5587155e-01   1.9349686e-01   3.0970410e-01   2.7987590e-01
   1.0699034e-01   1.5603969e-01   1.9353139e-01   3.0982141e-01   2.7956849e-01
   1.0726731e-01   1.5620783e-01   1.9356587e-01   3.0993876e-01   2.7926141e-01
   1.0754501e-01   1.5637599e-01   1.9360029e-01   3.1005616e-01   2.7895467e-01
   1.0782342e-01   1.5654416e-01   1.9363466e-01   3.1017360e-01   2.7864826e-01
   1.0810255e-01   1.5671234e-01   1.9366898e-01   3.1029109e-01   2.7834219e-01
   1.0838241e-01   1.5688053e-01   1.9370324e-01   3.1040862e-01   2.7803646e-01
   1.0866299e-01   1.5704873e-01   1.9373745e-01   3.1052619e-01   2.7773107e-01
   1.0894430e-01   1.5721695e-01   1.9377161e-01   3.1064381e-01   2.7742601e-01
   1.0922634e-01   1.5738517e-01   1.9380572e-01   3.1076148e-01   2.7712128e-01
   1.0950910e-01   1.5755341e-01   1.9383978e-01   3.1087919e-01   2.7681689e-01
   1.0979260e-01   1.5772166e-01   1.9387379e-01   3.1099694e-01   2.7651283e-01
   1.1007683e-01   1.5788992e-01   1.9390775e-01   3.1111474e-01   2.7620911e-01
   1.1036180e-01   1.5805819e-01   1.9394165e-01   3.1123258e-01   2.7590572e-01
   1.1064750e-01   1.5822648e-01   1.9397551e-01   3.1135047e-01   2.7560267e-01
   1.1093395e-01   1.5839478e-01   1.9400931e-01   3.1146840e-01   2.7529994e-01
   1.1122114e-01   1.5856309e-01   1.9404307e-01   3.1158637e-01   2.7499755e-01
   1.1150907e-01   1.5873141e-01   1.9407678e-01   3.1170440e-01   2.7469550e-01
   1.1179774e-01   1.5889974e-01   1.9411044e-01   3.1182246e-01   2.7439377e-01
   1.1208716e-01   1.5906809e-01   1.9414405e-01   3.1194057e-01   2.7409237e-01
   1.1237734e-01   1.5923645e-01   1.9417761e-01   3.1205873e-01   2.7379131e-01
   1.1266826e-01   1.5940482e-01   1.9421112e-01   3.1217693e-01   2.7349058e-01
   1.1295994e-01   1.5957321e-01   1.9424458e-01   3.1229517e-01   2.7319017e-01
   1.1325237e-01   1.5974161e-01   1.9427800e-01   3.1241346e-01   2.7289010e-01
   1.1354556e-01   1.5991002e-01   1.9431137e-01   3.1253180e-01   2.7259036e-01
   1.1383950e-01   1.6007844e-01   1.9434469e-01   3.1265018e-01   2.7229095e-01
   1.1413421e-01   1.6024688e-01   1.9437796e-01   3.1276860e-01   2.7199186e-01
   1.1442968e-01   1.6041533e-01   1.9441119e-01   3.1288707e-01   2.7169310e-01
   1.1472592e-01   1.6058379e-01   1.9444437e-01   3.1300558e-01   2.7139467e-01
   1.1502292e-01   1.6075226e-01   1.9447751e-01   3.1312414e-01   2.7109657e-01
   1.1532069e-01   1.6092075e-01   1.9451060e-01   3.1324274e-01   2.7079880e-01
   1.1561924e-01   1.6108925e-01   1.9454364e-01   3.1336139e-01   2.7050136e-01
   1.1591855e-01   1.6125777e-01   1.9457663e-01   3.1348009e-01   2.7020424e-01
   1.1621864e-01   1.6142630e-01   1.9460959e-01   3.1359883e-01   2.6990744e-01
   1.1651951e-01   1.6159484e-01   1.9464249e-01   3.1371761e-01   2.6961098e-01
   1.1682116e-01   1.6176340e-01   1.9467535e-01   3.1383644e-01   2.6931483e-01
   1.1712358e-01   1.6193197e-01   1.9470817e-01   3.1395531e-01   2.6901902e-01
   1.1742680e-01   1.6210055e-01   1.9474094e-01   3.1407423e-01   2.6872353e-01
   1.1773079e-01   1.6226915e-01   1.9477367e-01   3.1419319e-01   2.6842836e-01
   1.1803557e-01   1.6243776e-01   1.9480635e-01   3.1431220e-01   2.6813352e-01
   1.1834114e-01   1.6260638e-01   1.9483899e-01   3.1443125e-01   2.6783900e-01
   1.1864751e-01   1.6277502e-01   1.9487159e-01   3.1455035e-01   2.6754480e-01
   1.1895466e-01   1.6294368e-01   1.9490414e-01   3.1466950e-01   2.6725093e-01
   1.1926261e-01   1.6311234e-01   1.9493665e-01   3.1478869e-01   2.6695738e-01
   1.1957136e-01   1.6328102e-01   1.9496912e-01   3.1490792e-01   2.6666416e-01
   1.1988091e-01   1.6344972e-01   1.9500154e-01   3.1502720e-01   2.6637125e-01
   1.2019126e-01   1.6361843e-01   1.9503393e-01   3.1514652e-01   2.6607867e-01
   1.2050241e-01   1.6378715e-01   1.9506627e-01   3.1526589e-01   2.6578641e-01
   1.2081437e-01   1.6395589e-01   1.9509856e-01   3.1538531e-01   2.6549447e-01
   1.2112713e-01   1.6412465e-01   1.9513082e-01   3.1550477e-01   2.6520285e-01
   1.2144070e-01   1.6429342e-01   1.9516303e-01   3.1562427e-01   2.6491155e-01
   1.2175509e-01   1.6446220e-01   1.9519521e-01   3.1574382e-01   2.6462057e-01
   1.2207029e-01   1.6463100e-01   1.9522734e-01   3.1586342e-01   2.6432991e-01
   1.2238631e-01   1.6479981e-01   1.9525943e-01   3.1598306e-01   2.6403957e-01
   1.2270314e-01   1.6496864e-01   1.9529148e-01   3.1610275e-01   2.6374955e-01
   1.2302080e-01   1.6513748e-01   1.9532349e-01   3.1622248e-01   2.6345984e-01
   1.2333927e-01   1.6530634e-01   1.9535546e-01   3.1634226e-01   2.6317046e-01
   1.2365858e-01   1.6547521e-01   1.9538739e-01   3.1646208e-01   2.6288139e-01
   1.2397870e-01   1.6564410e-01   1.9541928e-01   3.1658195e-01   2.6259264e-01
   1.2429966e-01   1.6581300e-01   1.9545112e-01   3.1670186e-01   2.6230421e-01
   1.2462145e-01   1.6598192e-01   1.9548293e-01   3.1682182e-01   2.6201609e-01
   1.2494407e-01   1.6615085e-01   1.9551471e-01   3.1694182e-01   2.6172829e-01
   1.2526753e-01   1.6631980e-01   1.9554644e-01   3.1706187e-01   2.6144081e-01
   1.2559182e-01   1.6648877e-01   1.9557813e-01   3.1718197e-01   2.6115364e-01
   1.2591695e-01   1.6665775e-01   1.9560978e-01   3.1730211e-01   2.6086679e-01
   1.2624293e-01   1.6682675e-01   1.9564140e-01   3.1742230e-01   2.6058025e-01
   1.2656974e-01   1.6699576e-01   1.9567298e-01   3.1754253e-01   2.6029403e-01
   1.2689741e-01   1.6716479e-01   1.9570452e-01   3.1766280e-01   2.6000812e-01
   1.2722592e-01   1.6733383e-01   1.9573602e-01   3.1778313e-01   2.5972253e-01
   1.2755529e-01   1.6750289e-01   1.9576748e-01   3.1790350e-01   2.5943725e-01
   1.2788550e-01   1.6767197e-01   1.9579891e-01   3.1802391e-01   2.5915228e-01
   1.2821657e-01   1.6784106e-01   1.9583030e-01   3.1814437e-01   2.5886763e-01
   1.2854850e-01   1.6801017e-01   1.9586165e-01   3.1826487e-01   2.5858329e-01
   1.2888129e-01   1.6817929e-01   1.9589297e-01   3.1838543e-01   2.5829926e-01
   1.2921494e-01   1.6834843e-01   1.9592425e-01   3.1850602e-01   2.5801555e-01
   1.2954945e-01   1.6851759e-01   1.9595549e-01   3.1862666e-01   2.5773214e-01
   1.2988483e-01   1.6868676e-01   1.9598670e-01   3.1874735e-01   2.5744905e-01
   1.3022107e-01   1.6885595e-01   1.9601787e-01   3.1886809e-01   2.5716626e-01
   1.3055819e-01   1.6902516e-01   1.9604900e-01   3.1898886e-01   2.5688379e-01
   1.3089618e-01   1.6919439e-01   1.9608010e-01   3.1910969e-01   2.5660163e-01
   1.3123505e-01   1.6936363e-01   1.9611116e-01   3.1923056e-01   2.5631978e-01
   1.3157479e-01   1.6953288e-01   1.9614219e-01   3.1935148e-01   2.5603824e-01
   1.3191541e-01   1.6970216e-01   1.9617318e-01   3.1947244e-01   2.5575700e-01
   1.3225691e-01   1.6987145e-01   1.9620414e-01   3.1959345e-01   2.5547608e-01
   1.3259930e-01   1.7004076e-01   1.9623506e-01   3.1971450e-01   2.5519546e-01
   1.3294257e-01   1.7021008e-01   1.9626595e-01   3.1983560e-01   2.5491516e-01
   1.3328674e-01   1.7037943e-01   1.9629680e-01   3.1995675e-01   2.5463516e-01
   1.3363179e-01   1.7054879e-01   1.9632762e-01   3.2007794e-01   2.5435546e-01
   1.3397774e-01   1.7071816e-01   1.9635841e-01   3.2019918e-01   2.5407608e-01
   1.3432458e-01   1.7088756e-01   1.9638916e-01   3.2032046e-01   2.5379700e-01
   1.3467232e-01   1.7105697e-01   1.9641988e-01   3.2044179e-01   2.5351823e-01
   1.3502096e-01   1.7122640e-01   1.9645056e-01   3.2056317e-01   2.5323977e-01
   1.3537050e-01   1.7139585e-01   1.9648121e-01   3.2068459e-01   2.5296161e-01
   1.3572095e-01   1.7156531e-01   1.9651183e-01   3.2080605e-01   2.5268375e-01
   1.3607231e-01   1.7173479e-01   1.9654242e-01   3.2092757e-01   2.5240620e-01
   1.3642457e-01   1.7190429e-01   1.9657297e-01   3.2104913e-01   2.5212896e-01
   1.3677775e-01   1.7207381e-01   1.9660349e-01   3.2117073e-01   2.5185202e-01
   1.3713184e-01   1.7224335e-01   1.9663398e-01   3.2129238e-01   2.5157539e-01
   1.3748685e-01   1.7241290e-01   1.9666443e-01   3.2141408e-01   2.5129906e-01
   1.3784277e-01   1.7258248e-01   1.9669485e-01   3.2153582e-01   2.5102303e-01
   1.3819962e-01   1.7275207e-01   1.9672524e-01   3.2165761e-01   2.5074730e-01
   1.3855739e-01   1.7292168e-01   1.9675560e-01   3.2177945e-01   2.5047188e-01
   1.3891609e-01   1.7309130e-01   1.9678593e-01   3.2190133e-01   2.5019676e-01
   1.3927572e-01   1.7326095e-01   1.9681623e-01   3.2202326e-01   2.4992195e-01
   1.3963628e-01   1.7343061e-01   1.9684649e-01   3.2214523e-01   2.4964743e-01
   1.3999777e-01   1.7360030e-01   1.9687672e-01   3.2226726e-01   2.4937322e-01
   1.4036020e-01   1.7377000e-01   1.9690693e-01   3.2238932e-01   2.4909931e-01
   1.4072356e-01   1.7393972e-01   1.9693710e-01   3.2251144e-01   2.4882569e-01
   1.4108787e-01   1.7410945e-01   1.9696724e-01   3.2263359e-01   2.4855238e-01
   1.4145312e-01   1.7427921e-01   1.9699735e-01   3.2275580e-01   2.4827937e-01
   1.4181931e-01   1.7444899e-01   1.9702743e-01   3.2287805e-01   2.4800666e-01
   1.4218645e-01   1.7461878e-01   1.9705748e-01   3.2300035e-01   2.4773425e-01
   1.4255455e-01   1.7478860e-01   1.9708750e-01   3.2312269e-01   2.4746214e-01
   1.4292359e-01   1.7495843e-01   1.9711749e-01   3.2324509e-01   2.4719033e-01
   1.4329360e-01   1.7512828e-01   1.9714745e-01   3.2336752e-01   2.4691881e-01
   1.4366455e-01   1.7529815e-01   1.9717738e-01   3.2349001e-01   2.4664760e-01
   1.4403647e-01   1.7546804e-01   1.9720729e-01   3.2361254e-01   2.4637668e-01
   1.4440936e-01   1.7563795e-01   1.9723716e-01   3.2373511e-01   2.4610606e-01
   1.4478320e-01   1.7580788e-01   1.9726700e-01   3.2385774e-01   2.4583573e-01
   1.4515802e-01   1.7597783e-01   1.9729682e-01   3.2398040e-01   2.4556571e-01
   1.4553381e-01   1.7614780e-01   1.9732661e-01   3.2410312e-01   2.4529598e-01
   1.4591057e-01   1.7631779e-01   1.9735636e-01   3.2422588e-01   2.4502654e-01
